2.62 1.10 1.42 1.77 0.00 
2.44 0.92 1.94 2.00 0.00 
2.35 1.39 1.54 1.10 0.00 
2.34 1.53 2.46 0.56 0.00 
2.14 1.91 1.13 1.95 0.00 
2.62 1.11 1.42 1.78 0.00 
2.49 0.85 2.11 1.76 0.00 
2.33 0.99 1.94 1.99 0.00 
2.33 1.15 2.56 1.00 0.00 
2.34 1.64 2.75 0.46 0.00 
2.62 1.11 1.42 1.93 0.00 
2.49 0.80 2.00 1.82 0.00 
2.42 0.78 2.30 1.77 0.00 
2.47 0.92 2.42 0.59 0.00 
2.33 1.41 1.46 1.94 0.00 
2.33 1.36 2.03 0.75 0.00 
2.44 1.05 2.05 1.36 0.00 
2.14 1.95 1.13 1.91 0.00 
2.14 1.92 1.13 1.96 0.00 
2.34 1.02 1.74 1.53 0.00 
2.52 0.85 2.63 1.04 0.00 
2.46 0.94 2.19 1.61 0.00 
2.35 0.96 2.92 1.80 0.00 
2.43 0.95 1.73 1.87 0.00 
2.41 1.05 2.96 0.70 0.00 
2.47 0.94 2.10 1.56 0.00 
2.43 1.00 2.26 1.39 0.00 
2.47 0.87 1.78 1.94 0.00 
2.39 1.34 1.62 1.46 0.00 
2.43 0.95 1.88 1.86 0.00 
2.34 1.58 2.61 0.46 0.00 
2.47 0.92 2.42 0.89 0.00 
2.32 1.19 2.06 1.50 0.00 
2.49 0.88 2.16 1.73 0.00 
2.34 1.14 2.70 0.99 0.00 
2.29 1.41 1.53 1.92 0.00 
2.47 0.90 1.63 1.99 0.00 
2.44 0.99 1.86 1.48 0.00 
2.62 1.11 1.42 1.80 0.00 
2.49 0.87 2.66 0.80 0.00 
2.47 0.96 2.16 1.42 0.00 
2.31 1.42 1.55 1.89 0.00 
2.43 0.96 2.36 1.19 0.00 
2.40 0.84 2.71 1.53 0.00 
2.45 0.88 1.93 1.96 0.00 
2.47 0.94 2.16 1.29 0.00 
2.34 1.00 1.58 1.99 0.00 
2.45 0.94 1.80 1.61 0.00 
2.34 1.53 2.50 0.56 0.00 
2.62 1.09 1.43 1.88 0.00 
2.20 1.48 2.25 1.40 0.00 
2.14 1.91 1.14 1.97 0.00 
2.33 1.00 1.62 1.56 0.00 
2.34 1.02 1.74 1.47 0.00 
2.14 1.91 1.14 1.95 0.00 
2.40 1.29 2.54 0.69 0.00 
2.49 0.86 2.28 1.64 0.00 
2.34 1.61 2.65 0.49 0.00 
2.19 1.87 2.95 0.79 0.00 
2.39 1.34 1.71 1.41 0.00 
2.32 1.20 2.52 1.26 0.00 
2.62 1.11 1.41 1.93 0.00 
2.47 0.89 1.62 2.00 0.00 
2.29 1.41 1.54 1.92 0.00 
2.34 1.54 2.55 0.53 0.00 
2.62 1.11 1.45 1.75 0.00 
2.52 0.87 2.59 0.65 0.00 
2.35 1.39 1.54 0.92 0.00 
2.34 0.92 2.01 1.98 0.00 
2.44 1.06 2.14 1.28 0.00 
2.46 0.92 2.99 0.92 0.00 
2.35 0.94 2.85 1.82 0.00 
2.46 0.97 2.13 1.54 0.00 
2.44 0.99 1.93 1.42 0.00 
2.44 0.94 1.90 1.86 0.00 
2.33 1.41 1.74 1.75 0.00 
2.14 1.94 1.13 1.92 0.00 
2.34 1.02 1.75 1.54 0.00 
2.39 1.35 1.91 1.27 0.00 
2.40 0.84 2.72 1.52 0.00 
2.62 1.09 1.47 1.84 0.00 
2.49 0.84 2.10 1.75 0.00 
2.43 0.95 2.17 1.23 0.00 
2.33 1.14 2.57 1.00 0.00 
2.34 1.36 2.12 0.77 0.00 
2.35 0.96 2.94 1.72 0.00 
2.43 0.96 1.74 1.86 0.00 
2.49 0.89 2.65 0.76 0.00 
2.34 1.63 2.89 0.33 0.00 
2.39 1.35 2.01 0.96 0.00 
2.44 0.91 2.13 1.97 0.00 
2.14 1.91 1.13 1.93 0.00 
2.50 0.84 2.16 1.71 0.00 
2.49 0.80 1.99 1.83 0.00 
2.39 1.34 1.62 1.47 0.00 
2.30 1.41 1.53 1.92 0.00 
2.34 1.53 2.49 0.56 0.00 
2.49 0.86 2.28 1.64 0.00 
2.47 0.89 1.61 2.00 0.00 
2.35 1.39 1.59 1.03 0.00 
2.46 0.93 1.76 2.00 0.00 
2.35 1.40 1.55 0.92 0.00 
2.29 1.41 1.52 1.93 0.00 
2.62 1.11 1.41 1.69 0.00 
2.44 1.06 2.24 1.14 0.00 
2.35 1.39 1.55 1.00 0.00 
2.33 0.99 1.96 1.99 0.00 
2.34 1.02 1.75 1.47 0.00 
2.62 1.09 1.42 1.70 0.00 
2.52 0.85 2.74 0.99 0.00 
2.41 1.05 2.98 0.71 0.00 
2.47 0.94 2.12 1.56 0.00 
2.43 1.00 2.26 1.39 0.00 
2.47 0.87 1.81 1.92 0.00 
2.39 1.35 1.64 1.46 0.00 
2.31 1.23 2.29 1.71 0.00 
2.32 1.14 2.03 1.90 0.00 
2.43 0.95 1.97 1.76 0.00 
2.34 1.58 2.67 0.45 0.00 
2.47 0.92 2.50 0.88 0.00 
2.25 1.33 1.60 1.80 0.00 
2.44 0.99 1.95 1.43 0.00 
2.49 0.87 2.65 0.71 0.00 
2.31 1.42 1.53 1.82 0.00 
2.40 0.84 2.74 1.51 0.00 
2.47 0.94 2.18 1.30 0.00 
2.49 0.92 2.20 1.04 0.00 
2.45 0.94 1.79 1.61 0.00 
2.34 1.53 2.49 0.55 0.00 
2.62 1.10 1.52 1.69 0.00 
2.33 1.00 1.64 1.56 0.00 
2.31 1.20 1.91 1.86 0.00 
2.34 1.02 1.73 1.48 0.00 
2.14 1.91 1.14 1.96 0.00 
2.40 1.31 2.61 0.67 0.00 
2.49 0.86 2.27 1.64 0.00 
2.34 1.61 2.90 0.35 0.00 
2.19 1.87 2.96 0.46 0.00 
2.39 1.34 1.71 1.41 0.00 
2.32 1.19 2.50 1.36 0.00 
2.47 0.89 1.73 1.99 0.00 
2.32 1.43 1.50 1.98 0.00 
2.44 1.06 2.15 1.27 0.00 
2.35 0.94 2.86 1.95 0.00 
2.44 0.99 1.98 1.38 0.00 
2.19 1.86 2.96 0.70 0.00 
2.47 0.94 1.69 1.96 0.00 
2.62 1.10 1.42 1.77 0.00 
2.35 1.37 1.52 1.17 0.00 
2.34 1.53 2.47 0.56 0.00 
2.49 0.86 2.10 1.75 0.00 
2.33 0.99 1.94 1.98 0.00 
2.17 1.58 2.12 1.09 0.00 
2.43 1.08 1.72 1.24 0.00 
2.49 0.79 2.06 1.83 0.00 
2.42 0.78 2.30 1.77 0.00 
2.47 0.92 2.41 0.97 0.00 
2.33 1.36 2.03 0.74 0.00 
2.44 1.05 2.13 1.33 0.00 
2.14 1.95 1.13 1.91 0.00 
2.14 1.92 1.13 1.96 0.00 
2.34 1.02 1.78 1.46 0.00 
2.44 0.99 1.58 1.90 0.00 
2.52 0.85 2.72 0.88 0.00 
2.43 0.95 1.75 1.87 0.00 
2.41 1.05 2.97 0.70 0.00 
2.47 0.94 2.11 1.56 0.00 
2.43 1.00 2.26 1.39 0.00 
2.47 0.87 1.79 1.94 0.00 
2.39 1.34 1.73 1.38 0.00 
2.43 0.94 1.99 1.92 0.00 
2.34 1.58 2.65 0.46 0.00 
2.47 0.92 2.40 0.91 0.00 
2.32 1.19 2.06 1.50 0.00 
2.34 1.14 2.82 0.98 0.00 
2.29 1.41 1.54 1.91 0.00 
2.47 0.90 1.63 1.99 0.00 
2.44 0.98 2.06 1.31 0.00 
2.62 1.12 1.41 2.00 0.00 
2.49 0.87 2.61 0.71 0.00 
2.47 0.97 2.16 1.42 0.00 
2.31 1.42 1.54 1.61 0.00 
2.43 0.96 2.68 1.14 0.00 
2.40 0.84 2.73 1.53 0.00 
2.47 0.94 2.17 1.28 0.00 
2.34 1.00 1.65 1.99 0.00 
2.45 0.95 1.80 1.61 0.00 
2.34 1.53 2.53 0.54 0.00 
2.62 1.09 1.45 1.75 0.00 
2.14 1.46 2.20 1.83 0.00 
2.33 1.00 1.89 1.84 0.00 
2.34 1.02 1.75 1.53 0.00 
2.14 1.92 1.13 1.94 0.00 
2.41 1.29 2.55 0.69 0.00 
2.49 0.85 2.26 1.65 0.00 
2.34 1.61 2.73 0.49 0.00 
2.19 1.87 2.98 0.47 0.00 
2.39 1.34 1.72 1.41 0.00 
2.32 1.21 2.61 1.23 0.00 
2.62 1.12 1.41 1.75 0.00 
2.47 0.89 1.61 2.00 0.00 
2.38 0.87 2.20 1.50 0.00 
2.29 1.42 1.55 1.89 0.00 
2.34 1.54 2.61 0.52 0.00 
2.52 0.85 2.57 0.89 0.00 
2.35 1.40 1.56 1.09 0.00 
2.32 1.18 1.82 1.95 0.00 
2.34 0.92 2.08 1.98 0.00 
2.46 0.93 1.82 1.98 0.00 
2.35 0.94 2.89 1.94 0.00 
2.46 0.97 2.14 1.54 0.00 
2.44 1.00 1.95 1.38 0.00 
2.35 1.42 1.19 0.59 0.00 
2.19 0.46 0.92 0.68 0.00 
1.85 1.40 1.72 1.05 0.00 
2.07 1.70 0.75 0.62 0.00 
1.94 1.48 1.23 0.41 0.00 
2.02 0.97 0.84 0.22 0.00 
2.82 0.80 1.16 0.02 0.00 
1.89 1.98 1.39 0.05 0.00 
2.09 0.26 1.94 0.61 0.00 
1.89 1.57 1.62 0.15 0.00 
2.64 0.51 1.48 0.02 0.00 
1.96 0.49 1.35 1.88 0.00 
2.07 0.66 0.90 1.90 0.00 
1.89 1.47 1.62 0.25 0.00 
1.99 0.90 1.33 0.32 0.00 
2.01 0.83 1.21 0.47 0.00 
1.96 1.80 1.33 0.01 0.00 
2.01 0.86 1.10 0.20 0.00 
2.75 0.27 2.41 0.04 0.00 
2.07 1.74 0.75 0.74 0.00 
2.74 0.27 2.51 0.01 0.00 
1.92 0.48 1.36 1.91 0.00 
2.18 0.48 1.22 0.11 0.00 
2.79 0.90 1.15 0.04 0.00 
1.90 1.77 1.23 0.71 0.00 
2.05 2.00 0.74 1.59 0.00 
2.18 0.55 0.89 1.00 0.00 
2.03 1.93 0.72 1.97 0.00 
2.00 1.01 0.89 0.45 0.00 
2.08 0.86 1.35 0.08 0.00 
1.91 1.12 1.47 1.06 0.00 
1.97 1.22 1.16 0.29 0.00 
2.17 0.57 1.17 0.31 0.00 
2.17 0.59 0.86 1.37 0.00 
1.89 1.28 1.75 0.17 0.00 
2.06 1.46 0.74 1.84 0.00 
2.02 1.35 0.77 1.18 0.00 
2.00 0.86 0.91 1.45 0.00 
2.07 1.94 0.76 0.15 0.00 
1.89 1.09 1.77 0.45 0.00 
2.05 0.64 0.92 1.40 0.00 
2.17 0.57 1.06 0.25 0.00 
2.14 0.46 0.97 1.28 0.00 
2.27 0.34 1.77 0.06 0.00 
1.93 0.53 1.36 1.79 0.00 
2.10 0.59 0.89 1.43 0.00 
2.07 1.85 0.78 0.14 0.00 
1.98 1.38 0.91 0.13 0.00 
1.99 1.49 0.80 1.60 0.00 
1.79 1.31 2.94 0.23 0.00 
1.90 1.28 1.74 0.27 0.00 
1.98 1.96 0.81 0.22 0.00 
2.60 0.65 2.67 0.04 0.00 
1.89 1.07 1.76 0.50 0.00 
1.89 1.58 1.39 1.69 0.00 
2.29 0.41 0.93 1.04 0.00 
2.04 1.85 0.77 0.24 0.00 
1.95 0.28 2.03 0.54 0.00 
1.97 1.19 1.16 0.34 0.00 
2.82 0.80 1.16 0.06 0.00 
2.02 0.92 1.09 0.13 0.00 
2.04 1.44 0.76 0.37 0.00 
1.99 1.15 0.81 0.73 0.00 
2.03 0.55 1.39 0.12 0.00 
2.05 1.82 0.77 0.17 0.00 
2.05 0.57 0.96 1.04 0.00 
1.90 1.35 1.66 0.35 0.00 
2.09 1.05 0.79 0.49 0.00 
1.94 1.49 1.23 0.57 0.00 
2.10 0.62 0.99 0.54 0.00 
1.89 1.15 2.34 0.30 0.00 
1.87 0.65 1.69 1.67 0.00 
1.98 1.75 0.90 0.48 0.00 
2.09 1.55 0.72 1.74 0.00 
2.02 1.70 0.78 0.67 0.00 
2.01 1.75 0.77 0.93 0.00 
2.03 1.86 0.77 0.22 0.00 
2.04 0.98 0.80 0.93 0.00 
2.04 0.87 0.81 0.59 0.00 
2.09 0.88 0.80 0.35 0.00 
2.12 0.82 1.38 0.03 0.00 
1.97 1.09 1.06 0.53 0.00 
1.89 1.56 1.59 0.14 0.00 
2.07 1.94 0.77 0.07 0.00 
1.89 1.60 1.47 0.06 0.00 
1.87 1.63 1.96 0.25 0.00 
2.09 0.70 0.88 1.46 0.00 
1.92 0.54 1.48 0.47 0.00 
2.00 0.49 1.33 1.06 0.00 
2.15 0.60 0.96 0.78 0.00 
1.97 1.33 0.99 0.95 0.00 
2.05 1.01 0.77 1.60 0.00 
2.01 1.94 0.76 1.13 0.00 
2.06 1.42 0.76 1.06 0.00 
2.01 1.75 0.77 1.29 0.00 
2.07 1.69 0.74 1.40 0.00 
2.15 0.53 0.97 0.66 0.00 
2.00 0.79 1.11 1.05 0.00 
1.98 1.04 1.04 0.79 0.00 
2.06 1.54 0.74 1.68 0.00 
2.06 0.35 1.41 0.27 0.00 
2.05 1.11 0.79 1.19 0.00 
2.08 1.69 0.76 0.17 0.00 
2.05 0.57 0.97 1.04 0.00 
2.05 1.11 0.77 1.38 0.00 
2.11 0.62 0.98 0.55 0.00 
1.96 1.09 1.01 1.56 0.00 
1.94 0.46 2.08 0.42 0.00 
2.16 0.55 0.93 0.88 0.00 
2.00 1.26 0.78 1.04 0.00 
2.25 0.37 0.99 0.64 0.00 
2.06 1.48 0.74 1.93 0.00 
2.06 0.98 0.81 0.44 0.00 
2.09 0.28 1.37 0.59 0.00 
1.94 1.85 0.81 0.98 0.00 
1.93 1.65 1.22 1.61 0.00 
1.92 1.63 1.23 1.97 0.00 
2.10 0.60 1.00 0.47 0.00 
2.02 0.84 0.92 1.53 0.00 
1.90 1.45 1.45 1.39 0.00 
1.95 0.72 1.69 0.11 0.00 
2.05 1.38 0.78 0.36 0.00 
1.88 1.39 2.12 0.35 0.00 
1.92 1.16 1.70 0.15 0.00 
2.01 0.86 1.10 0.14 0.00 
1.98 1.58 0.81 1.51 0.00 
2.05 0.88 1.01 0.15 0.00 
1.90 1.27 1.57 0.52 0.00 
2.04 1.14 0.79 0.47 0.00 
1.89 1.60 1.46 0.45 0.00 
2.03 1.32 0.76 1.74 0.00 
2.28 0.30 1.68 0.08 0.00 
2.06 1.72 0.75 1.61 0.00 
1.94 1.65 1.23 1.67 0.00 
1.95 1.42 1.02 1.13 0.00 
1.98 0.85 1.25 0.64 0.00 
2.02 0.88 0.85 1.47 0.00 
1.94 1.53 1.24 1.56 0.00 
2.11 0.43 1.11 1.80 0.00 
2.01 1.69 0.76 1.61 0.00 
1.92 1.66 1.24 1.12 0.00 
1.85 1.42 1.75 1.11 0.00 
1.83 1.38 1.72 1.39 0.00 
1.97 1.70 0.81 1.22 0.00 
2.07 0.29 1.27 0.88 0.00 
2.17 0.48 0.93 0.67 0.00 
2.04 0.72 0.90 1.87 0.00 
2.05 0.99 0.80 0.75 0.00 
2.08 0.50 1.05 1.80 0.00 
2.10 0.64 0.99 0.54 0.00 
2.00 1.02 0.88 0.19 0.00 
2.00 0.84 1.34 0.31 0.00 
1.99 1.37 0.86 0.37 0.00 
1.96 0.98 1.10 0.75 0.00 
1.96 1.68 0.81 1.19 0.00 
2.08 0.55 1.38 0.12 0.00 
2.75 0.27 2.39 0.05 0.00 
2.10 0.62 0.95 0.99 0.00 
1.90 1.60 1.46 0.38 0.00 
1.91 1.26 1.48 0.35 0.00 
2.05 0.56 0.95 1.23 0.00 
2.15 0.52 1.27 0.25 0.00 
2.08 0.54 0.94 1.07 0.00 
2.05 1.35 0.78 0.39 0.00 
2.32 0.26 2.10 0.16 0.00 
2.13 0.47 1.11 0.87 0.00 
2.18 0.55 0.94 0.45 0.00 
2.12 0.69 0.95 0.66 0.00 
1.98 0.66 1.20 1.36 0.00 
2.02 1.21 0.79 0.48 0.00 
1.90 1.22 1.72 0.32 0.00 
1.95 0.54 1.37 1.72 0.00 
2.11 0.25 1.92 0.49 0.00 
2.02 0.86 0.86 1.50 0.00 
1.83 1.37 1.71 1.45 0.00 
1.92 1.57 1.49 0.08 0.00 
1.99 0.96 1.44 0.03 0.00 
2.05 0.47 1.35 0.26 0.00 
1.90 1.27 1.71 0.11 0.00 
2.06 0.33 1.46 0.23 0.00 
2.01 1.44 0.77 0.96 0.00 
2.06 1.45 0.75 1.96 0.00 
2.05 1.16 0.78 1.29 0.00 
2.05 1.58 0.77 0.24 0.00 
1.96 0.69 1.84 0.34 0.00 
1.99 1.92 0.80 0.42 0.00 
1.90 1.27 1.57 0.50 0.00 
2.01 1.00 0.85 0.21 0.00 
2.03 1.05 0.87 0.05 0.00 
1.97 1.61 0.98 1.01 0.00 
2.05 1.02 0.82 0.29 0.00 
2.90 0.30 1.56 0.15 0.00 
1.90 1.17 1.90 0.09 0.00 
2.04 0.64 0.95 1.35 0.00 
1.99 1.32 1.08 0.28 0.00 
1.99 0.47 1.41 0.91 0.00 
1.97 0.81 1.13 1.74 0.00 
2.16 0.59 0.86 1.48 0.00 
1.91 1.08 1.48 0.75 0.00 
1.99 0.87 1.37 0.10 0.00 
2.03 0.78 0.87 1.88 0.00 
2.07 0.75 0.82 0.29 0.00 
2.11 0.44 1.25 1.14 0.00 
1.93 0.36 1.84 0.65 0.00 
2.03 1.57 0.77 0.93 0.00 
2.05 1.54 0.76 0.43 0.00 
1.91 1.36 1.44 1.46 0.00 
2.03 0.94 0.90 0.13 0.00 
2.01 1.40 0.76 1.56 0.00 
1.98 1.46 0.82 1.38 0.00 
1.90 1.44 1.45 1.43 0.00 
2.02 0.44 1.39 1.03 0.00 
2.01 1.41 0.76 0.98 0.00 
2.06 1.05 0.79 1.04 0.00 
1.89 1.56 1.59 0.22 0.00 
2.06 0.90 0.98 0.14 0.00 
2.08 1.99 0.72 1.97 0.00 
2.03 1.38 0.79 0.36 0.00 
1.96 0.53 1.35 1.87 0.00 
2.18 0.54 0.94 0.45 0.00 
1.90 1.28 1.71 0.20 0.00 
2.16 0.59 0.87 1.49 0.00 
1.98 1.31 1.06 0.37 0.00 
2.06 0.75 0.82 0.35 0.00 
1.89 1.28 1.75 0.18 0.00 
2.18 0.36 2.15 0.07 0.00 
2.05 1.12 0.78 1.22 0.00 
2.18 0.56 0.95 0.43 0.00 
1.79 1.37 2.68 0.87 0.00 
1.97 1.44 0.85 1.09 0.00 
2.03 1.14 0.78 0.71 0.00 
1.98 1.10 1.10 0.42 0.00 
1.96 0.65 1.93 0.36 0.00 
1.91 1.14 1.90 0.09 0.00 
2.19 0.46 1.06 0.22 0.00 
2.14 0.46 0.98 1.37 0.00 
2.04 0.67 0.93 1.39 0.00 
2.01 1.75 0.77 1.21 0.00 
1.89 1.59 1.53 0.04 0.00 
1.97 1.60 0.83 1.06 0.00 
1.85 1.30 1.72 1.45 0.00 
2.16 0.53 0.92 0.93 0.00 
1.87 0.63 1.67 1.85 0.00 
1.98 0.44 2.68 0.16 0.00 
1.98 1.15 1.21 0.35 0.00 
2.19 0.46 0.94 0.46 0.00 
1.96 0.55 1.37 1.71 0.00 
1.99 1.17 1.06 0.40 0.00 
1.99 0.46 1.40 1.07 0.00 
1.89 1.28 1.58 0.74 0.00 
1.90 1.98 1.40 0.26 0.00 
1.96 1.31 1.00 1.27 0.00 
2.05 0.64 0.92 1.33 0.00 
2.14 0.61 0.88 1.42 0.00 
1.92 1.66 1.23 1.58 0.00 
2.10 0.41 1.26 0.83 0.00 
1.90 1.44 1.45 1.31 0.00 
1.88 1.39 1.89 0.46 0.00 
1.90 1.19 1.66 0.50 0.00 
1.89 1.60 1.47 0.41 0.00 
2.28 0.29 1.69 0.08 0.00 
1.96 0.91 1.11 0.87 0.00 
2.05 0.57 1.00 0.96 0.00 
2.04 0.64 0.94 1.35 0.00 
2.01 1.61 0.79 0.97 0.00 
2.00 0.81 1.33 0.29 0.00 
2.06 0.70 0.93 1.12 0.00 
2.18 0.54 0.95 0.44 0.00 
2.06 0.68 0.92 1.37 0.00 
1.96 1.31 1.00 0.98 0.00 
1.87 0.65 1.69 1.72 0.00 
1.88 0.56 1.63 1.97 0.00 
2.17 0.50 1.10 0.33 0.00 
2.03 0.74 1.35 0.33 0.00 
1.97 1.69 0.81 1.17 0.00 
1.90 1.10 1.49 0.70 0.00 
1.96 0.53 1.35 1.86 0.00 
2.02 0.87 1.01 0.17 0.00 
2.05 1.04 0.79 0.71 0.00 
1.95 1.43 1.04 0.67 0.00 
2.05 0.56 0.95 1.23 0.00 
1.99 0.90 0.86 1.21 0.00 
1.92 1.57 1.49 0.13 0.00 
1.94 1.48 1.22 1.04 0.00 
2.01 0.44 1.39 1.07 0.00 
2.02 1.02 0.80 0.55 0.00 
1.92 1.60 1.31 1.82 0.00 
2.05 1.35 0.78 0.25 0.00 
2.16 0.59 0.87 1.56 0.00 
2.04 1.13 0.78 1.01 0.00 
1.96 0.55 1.39 1.45 0.00 
2.01 1.21 0.80 0.48 0.00 
1.92 1.54 1.49 0.09 0.00 
1.98 1.28 1.06 0.49 0.00 
1.97 1.59 0.89 1.45 0.00 
1.98 1.28 0.98 1.16 0.00 
1.99 0.46 1.51 0.86 0.00 
2.08 0.27 1.27 0.87 0.00 
1.90 1.29 1.48 0.33 0.00 
2.06 1.01 0.82 0.13 0.00 
2.05 1.02 0.82 0.29 0.00 
1.89 1.28 1.75 0.11 0.00 
2.17 0.49 0.94 0.54 0.00 
2.06 0.54 0.91 1.25 0.00 
1.98 1.10 0.99 2.00 0.00 
2.05 1.01 0.79 0.79 0.00 
1.96 1.67 0.82 1.20 0.00 
2.12 0.69 0.96 0.60 0.00 
1.89 0.54 1.63 1.99 0.00 
1.96 1.67 1.22 0.11 0.00 
1.93 1.68 1.22 1.43 0.00 
1.90 1.45 1.45 1.39 0.00 
1.99 0.51 1.44 0.64 0.00 
1.95 0.54 1.38 1.71 0.00 
1.99 1.91 0.80 0.62 0.00 
2.03 0.91 0.90 0.14 0.00 
2.18 0.36 2.19 0.11 0.00 
2.03 1.14 0.76 1.46 0.00 
2.05 1.02 0.77 1.60 0.00 
2.06 1.48 0.74 1.93 0.00 
2.02 0.82 0.93 1.41 0.00 
1.88 1.39 2.13 0.36 0.00 
2.14 0.65 0.88 1.39 0.00 
1.96 0.90 1.09 0.89 0.00 
1.87 0.64 1.70 1.25 0.00 
1.91 1.28 1.50 0.09 0.00 
2.08 0.54 0.94 1.07 0.00 
2.03 0.86 0.86 1.24 0.00 
2.01 0.84 1.10 0.15 0.00 
1.95 1.43 1.02 1.11 0.00 
1.90 1.28 1.71 0.10 0.00 
2.08 1.69 0.76 0.23 0.00 
2.07 1.20 0.75 1.98 0.00 
2.18 0.48 0.97 0.37 0.00 
2.04 2.00 0.73 1.64 0.00 
2.14 0.49 1.17 0.83 0.00 
2.02 1.20 0.81 0.17 0.00 
1.92 1.56 1.49 0.05 0.00 
1.97 0.68 1.90 0.34 0.00 
2.06 0.74 0.83 0.51 0.00 
1.96 0.49 1.36 1.88 0.00 
2.03 1.93 0.72 1.97 0.00 
2.06 0.98 0.81 0.46 0.00 
2.10 0.60 1.00 0.49 0.00 
1.88 1.39 2.06 0.35 0.00 
2.01 0.86 1.09 0.30 0.00 
2.04 1.15 0.79 0.58 0.00 
2.04 0.74 0.90 1.72 0.00 
2.10 0.64 0.99 0.54 0.00 
2.05 0.57 0.95 1.23 0.00 
1.98 1.06 1.04 0.77 0.00 
2.05 1.11 0.79 1.18 0.00 
2.16 0.55 0.94 0.87 0.00 
2.06 0.69 0.93 1.10 0.00 
1.96 0.90 1.09 0.89 0.00 
2.02 1.68 0.76 1.61 0.00 
1.92 1.67 1.25 1.14 0.00 
2.75 0.27 2.37 0.09 0.00 
2.05 0.47 1.33 0.28 0.00 
2.01 1.45 0.77 0.96 0.00 
2.05 1.16 0.78 1.29 0.00 
2.04 1.13 0.79 0.50 0.00 
2.01 1.41 0.77 0.99 0.00 
2.03 1.14 0.79 1.12 0.00 
2.19 0.46 0.93 0.46 0.00 
1.96 1.32 1.00 1.21 0.00 
2.01 1.61 0.79 0.95 0.00 
2.06 0.70 0.93 1.21 0.00 
2.05 0.56 0.95 1.24 0.00 
2.05 1.35 0.79 0.24 0.00 
1.96 0.56 1.39 1.41 0.00 
1.98 1.28 1.06 0.41 0.00 
1.94 1.49 1.21 1.69 0.00 
1.89 1.98 1.40 0.03 0.00 
2.75 0.27 2.43 0.02 0.00 
2.10 0.59 0.89 1.41 0.00 
2.29 0.42 0.93 1.00 0.00 
2.04 1.70 0.78 0.79 0.00 
2.05 0.86 0.80 0.72 0.00 
2.06 0.35 1.41 0.30 0.00 
2.05 1.11 0.79 1.19 0.00 
2.05 0.57 0.97 1.04 0.00 
2.05 1.09 0.77 1.49 0.00 
2.11 0.62 0.98 0.54 0.00 
1.93 0.47 2.11 0.50 0.00 
2.16 0.55 0.94 0.88 0.00 
2.00 1.24 0.78 1.09 0.00 
2.25 0.37 1.03 0.48 0.00 
2.06 1.46 0.75 1.94 0.00 
2.06 0.97 0.80 0.53 0.00 
2.09 0.67 0.97 0.81 0.00 
2.09 0.28 1.37 0.63 0.00 
1.94 1.85 0.81 0.98 0.00 
2.10 0.60 1.00 0.47 0.00 
2.01 0.85 0.93 1.53 0.00 
1.90 1.44 1.44 1.66 0.00 
2.18 0.46 0.94 0.43 0.00 
1.96 0.72 1.70 0.06 0.00 
2.05 1.39 0.78 0.25 0.00 
1.88 1.37 2.13 0.33 0.00 
1.92 1.16 1.72 0.10 0.00 
2.01 0.86 1.10 0.29 0.00 
1.98 1.52 0.81 1.59 0.00 
2.05 0.87 1.03 0.16 0.00 
1.90 1.27 1.57 0.50 0.00 
2.04 1.14 0.79 0.47 0.00 
1.89 1.59 1.46 0.47 0.00 
2.02 1.33 0.76 1.60 0.00 
2.28 0.30 1.68 0.24 0.00 
2.06 1.72 0.75 1.61 0.00 
1.95 1.42 1.02 1.13 0.00 
1.94 1.52 1.24 1.60 0.00 
2.01 1.69 0.76 1.57 0.00 
1.97 1.70 0.81 1.16 0.00 
2.17 0.48 0.93 0.67 0.00 
2.04 0.72 0.90 1.87 0.00 
2.05 0.99 0.80 0.75 0.00 
2.00 1.03 0.88 0.29 0.00 
2.00 0.84 1.33 0.28 0.00 
1.99 1.37 0.87 0.34 0.00 
1.96 0.98 1.10 0.75 0.00 
1.96 1.69 0.82 1.18 0.00 
2.75 0.27 2.40 0.04 0.00 
2.10 0.64 0.95 0.97 0.00 
1.90 1.60 1.46 0.38 0.00 
1.90 1.26 1.48 0.43 0.00 
2.05 0.56 0.95 1.20 0.00 
2.08 0.54 0.95 1.04 0.00 
2.32 0.26 2.10 0.10 0.00 
2.18 0.55 0.94 0.45 0.00 
2.12 0.69 0.95 0.60 0.00 
1.98 0.66 1.19 1.57 0.00 
2.02 1.21 0.80 0.44 0.00 
2.04 1.59 0.76 1.05 0.00 
2.02 0.86 0.87 1.34 0.00 
1.83 1.37 1.71 1.42 0.00 
1.92 1.58 1.49 0.08 0.00 
1.90 1.27 1.71 0.20 0.00 
2.06 0.33 1.47 0.24 0.00 
2.01 1.43 0.77 0.97 0.00 
2.06 1.45 0.75 1.96 0.00 
2.05 1.17 0.78 1.27 0.00 
2.05 1.59 0.76 0.25 0.00 
1.96 0.69 1.95 0.35 0.00 
1.99 1.92 0.81 0.39 0.00 
2.01 1.00 0.85 0.22 0.00 
1.97 1.61 0.97 1.01 0.00 
2.90 0.30 1.58 0.15 0.00 
1.90 1.17 1.90 0.18 0.00 
2.04 0.66 0.95 1.32 0.00 
1.99 1.33 1.10 0.26 0.00 
1.99 0.47 1.41 0.88 0.00 
1.91 1.08 1.48 0.74 0.00 
2.11 0.43 1.23 1.23 0.00 
2.03 1.57 0.77 0.86 0.00 
1.91 1.36 1.44 1.46 0.00 
2.03 0.95 0.91 0.23 0.00 
2.02 1.38 0.76 1.57 0.00 
2.04 1.14 0.78 0.52 0.00 
2.02 0.45 1.42 0.85 0.00 
2.01 1.41 0.77 0.86 0.00 
2.08 1.99 0.73 1.92 0.00 
2.02 1.39 0.79 0.36 0.00 
1.96 0.53 1.36 1.81 0.00 
2.10 1.52 0.72 2.00 0.00 
2.18 0.54 0.94 0.45 0.00 
1.90 1.28 1.71 0.41 0.00 
2.16 0.59 0.87 1.47 0.00 
1.98 1.32 1.07 0.37 0.00 
1.89 1.28 1.75 0.18 0.00 
2.18 0.36 2.24 0.15 0.00 
1.79 1.37 2.69 0.79 0.00 
1.97 1.44 0.87 1.09 0.00 
2.03 1.14 0.78 0.72 0.00 
1.98 1.10 1.11 0.42 0.00 
1.91 1.14 1.92 0.27 0.00 
2.19 0.46 1.07 0.15 0.00 
2.14 0.46 0.99 1.79 0.00 
2.04 0.67 0.93 1.38 0.00 
1.89 1.59 1.53 0.07 0.00 
1.85 1.30 1.72 1.71 0.00 
2.16 0.53 0.92 0.95 0.00 
1.98 0.44 2.75 0.17 0.00 
2.19 0.46 0.94 0.46 0.00 
1.96 0.55 1.37 1.71 0.00 
1.99 0.46 1.40 1.08 0.00 
1.89 1.28 1.58 0.61 0.00 
1.90 1.98 1.39 0.41 0.00 
2.05 0.63 0.92 1.34 0.00 
2.14 0.61 0.90 1.24 0.00 
1.92 1.66 1.23 1.84 0.00 
2.10 0.41 1.25 1.19 0.00 
1.88 1.39 1.90 0.48 0.00 
1.90 1.19 1.67 0.51 0.00 
1.89 1.60 1.47 0.45 0.00 
2.28 0.30 1.73 0.26 0.00 
2.05 0.57 1.00 0.96 0.00 
2.01 1.61 0.80 0.97 0.00 
2.02 0.61 1.05 1.97 0.00 
2.06 0.70 0.93 1.14 0.00 
1.96 1.31 1.00 0.95 0.00 
1.87 0.65 1.69 1.71 0.00 
1.88 0.56 1.63 1.94 0.00 
2.18 0.50 1.17 0.33 0.00 
2.03 0.73 1.34 0.53 0.00 
1.90 1.10 1.48 0.70 0.00 
1.96 0.53 1.36 1.80 0.00 
1.95 1.43 1.05 0.76 0.00 
2.05 0.54 0.95 1.23 0.00 
1.99 0.90 0.86 1.62 0.00 
1.92 1.57 1.50 0.03 0.00 
1.94 1.48 1.22 0.84 0.00 
2.02 0.45 1.39 1.07 0.00 
2.02 1.04 0.80 0.62 0.00 
2.05 1.35 0.79 0.28 0.00 
2.01 1.21 0.80 0.61 0.00 
1.98 1.28 1.06 0.56 0.00 
1.97 1.58 0.89 1.21 0.00 
1.98 1.28 0.98 1.01 0.00 
1.99 0.46 1.52 0.83 0.00 
2.08 0.28 1.27 0.88 0.00 
1.94 1.49 1.21 1.63 0.00 
1.94 1.50 1.22 1.49 0.00 
2.19 0.46 0.93 0.68 0.00 
1.85 1.40 1.72 1.06 0.00 
2.07 1.70 0.75 0.62 0.00 
1.94 1.48 1.24 0.54 0.00 
2.02 0.97 0.84 0.23 0.00 
1.90 1.98 1.38 0.04 0.00 
2.09 0.26 1.97 0.62 0.00 
1.89 1.57 1.62 0.21 0.00 
1.96 0.49 1.35 1.88 0.00 
1.89 1.47 1.63 0.26 0.00 
1.99 0.90 1.32 0.32 0.00 
2.01 0.83 1.33 0.25 0.00 
1.96 1.80 1.33 0.05 0.00 
2.01 0.85 1.09 0.42 0.00 
1.97 1.65 0.81 1.27 0.00 
2.75 0.28 2.41 0.01 0.00 
1.96 0.86 1.27 0.97 0.00 
1.96 0.49 1.36 1.88 0.00 
2.18 0.48 1.23 0.28 0.00 
1.90 1.77 1.25 0.77 0.00 
2.18 0.56 0.88 0.99 0.00 
2.03 1.92 0.72 1.97 0.00 
2.00 1.01 0.90 0.84 0.00 
2.08 0.86 1.35 0.12 0.00 
1.91 1.13 1.47 1.06 0.00 
1.97 1.22 1.17 0.24 0.00 
2.17 0.57 1.17 0.31 0.00 
2.17 0.59 0.87 1.36 0.00 
1.89 1.28 1.75 0.18 0.00 
2.06 1.46 0.74 1.84 0.00 
2.02 1.35 0.77 1.17 0.00 
2.00 0.86 0.94 1.66 0.00 
2.07 1.94 0.76 0.21 0.00 
1.89 1.09 1.77 0.56 0.00 
2.06 0.62 0.91 1.42 0.00 
2.17 0.57 1.08 0.36 0.00 
2.27 0.34 1.77 0.19 0.00 
1.93 0.53 1.36 1.78 0.00 
2.10 0.59 0.89 1.43 0.00 
2.06 1.85 0.77 0.17 0.00 
1.98 1.38 0.91 0.09 0.00 
2.00 1.49 0.80 1.57 0.00 
1.79 1.31 2.98 0.22 0.00 
1.98 1.95 0.81 0.36 0.00 
2.29 0.41 0.92 1.05 0.00 
2.05 1.85 0.77 0.18 0.00 
1.97 1.19 1.18 0.51 0.00 
1.97 1.21 1.05 0.91 0.00 
2.04 1.44 0.76 0.44 0.00 
1.99 1.15 0.81 0.94 0.00 
2.03 0.55 1.39 0.28 0.00 
2.05 1.82 0.77 0.19 0.00 
2.05 0.57 0.95 1.06 0.00 
1.90 1.35 1.66 0.35 0.00 
2.09 1.05 0.79 0.49 0.00 
2.10 0.62 0.99 0.55 0.00 
1.89 1.15 2.31 0.48 0.00 
1.87 0.65 1.69 1.61 0.00 
1.98 1.75 0.90 0.48 0.00 
2.02 1.70 0.78 0.67 0.00 
2.01 1.74 0.78 0.92 0.00 
2.03 1.86 0.77 0.22 0.00 
2.04 0.87 0.81 0.59 0.00 
2.09 0.89 0.80 0.35 0.00 
1.97 1.10 1.06 0.66 0.00 
1.87 1.63 1.96 0.34 0.00 
2.09 0.70 0.89 1.26 0.00 
2.15 0.60 0.96 0.90 0.00 
1.97 1.33 0.99 0.95 0.00 
2.05 1.01 0.77 1.61 0.00 
2.01 1.94 0.76 1.20 0.00 
2.05 1.42 0.76 1.06 0.00 
2.01 1.75 0.77 1.29 0.00 
2.16 0.53 0.96 1.10 0.00 
2.00 0.79 1.11 1.05 0.00 
1.98 1.04 1.04 0.94 0.00 
2.06 1.54 0.75 1.68 0.00 
2.05 1.11 0.79 1.19 0.00 
2.08 1.69 0.76 0.43 0.00 
2.05 0.57 0.96 1.03 0.00 
2.04 1.11 0.78 1.38 0.00 
1.95 1.09 1.02 1.55 0.00 
1.93 0.46 2.10 0.41 0.00 
2.16 0.55 0.93 0.89 0.00 
2.00 1.26 0.78 1.03 0.00 
2.25 0.38 0.98 0.66 0.00 
2.06 1.48 0.74 1.90 0.00 
2.06 0.98 0.80 0.44 0.00 
2.09 0.67 0.96 0.79 0.00 
1.93 1.65 1.22 1.73 0.00 
2.10 0.60 1.00 0.52 0.00 
2.01 0.85 0.93 1.53 0.00 
1.90 1.45 1.44 1.39 0.00 
2.05 1.38 0.78 0.36 0.00 
1.92 1.16 1.70 0.11 0.00 
2.01 0.86 1.10 0.28 0.00 
1.98 1.57 0.80 1.52 0.00 
2.04 1.14 0.79 0.41 0.00 
1.89 1.60 1.46 0.45 0.00 
2.03 1.32 0.76 1.50 0.00 
1.99 0.51 1.43 0.74 0.00 
2.28 0.30 1.69 0.20 0.00 
2.06 1.72 0.75 1.57 0.00 
1.95 1.42 1.02 0.98 0.00 
2.01 0.88 0.85 1.41 0.00 
1.96 0.90 1.09 0.90 0.00 
1.94 1.53 1.24 1.50 0.00 
2.01 1.69 0.76 1.61 0.00 
1.92 1.66 1.25 1.10 0.00 
1.83 1.37 1.72 1.29 0.00 
1.97 1.70 0.81 1.22 0.00 
2.08 0.29 1.28 0.88 0.00 
2.17 0.48 0.93 0.67 0.00 
2.04 0.72 0.89 1.85 0.00 
2.05 0.99 0.79 0.76 0.00 
2.10 0.63 0.99 0.54 0.00 
2.00 1.02 0.90 0.18 0.00 
2.00 0.84 1.33 0.39 0.00 
1.99 1.37 0.87 0.37 0.00 
1.96 1.68 0.82 1.18 0.00 
2.09 0.54 1.39 0.12 0.00 
2.10 0.62 0.94 0.98 0.00 
1.90 1.60 1.45 0.38 0.00 
2.05 0.56 0.96 1.23 0.00 
2.32 0.26 2.20 0.14 0.00 
2.18 0.55 0.94 0.45 0.00 
2.12 0.69 0.96 0.85 0.00 
1.98 0.66 1.19 1.37 0.00 
2.02 1.21 0.80 0.43 0.00 
2.04 1.59 0.76 1.04 0.00 
1.95 0.54 1.37 1.69 0.00 
2.11 0.25 2.03 0.65 0.00 
1.83 1.38 1.71 1.42 0.00 
2.05 0.47 1.34 0.26 0.00 
1.90 1.27 1.71 0.11 0.00 
2.06 0.33 1.51 0.23 0.00 
2.01 1.43 0.77 0.97 0.00 
2.06 1.46 0.74 1.96 0.00 
2.05 1.58 0.76 0.25 0.00 
1.96 0.69 1.87 0.31 0.00 
1.99 1.92 0.81 0.42 0.00 
1.90 1.28 1.57 0.51 0.00 
2.01 1.00 0.86 0.06 0.00 
1.97 1.61 0.97 1.01 0.00 
2.05 1.02 0.83 0.29 0.00 
1.90 1.16 1.91 0.09 0.00 
2.06 0.64 0.94 1.20 0.00 
1.99 1.33 1.07 0.26 0.00 
1.99 0.47 1.42 0.87 0.00 
1.91 1.08 1.48 0.75 0.00 
2.11 0.44 1.25 1.24 0.00 
1.93 0.36 1.84 0.87 0.00 
2.03 1.57 0.76 0.86 0.00 
2.05 1.54 0.77 0.33 0.00 
1.91 1.36 1.44 1.46 0.00 
2.01 1.41 0.76 1.56 0.00 
1.98 1.46 0.83 1.38 0.00 
1.90 1.44 1.44 1.43 0.00 
2.04 1.13 0.79 0.51 0.00 
2.02 0.45 1.39 1.03 0.00 
2.01 1.40 0.76 0.99 0.00 
1.97 0.37 1.34 1.78 0.00 
2.08 1.99 0.72 1.92 0.00 
2.02 1.39 0.78 0.36 0.00 
2.18 0.54 0.94 0.45 0.00 
1.90 1.27 1.71 0.38 0.00 
2.18 0.35 2.14 0.05 0.00 
2.05 1.12 0.78 1.18 0.00 
1.79 1.37 2.71 0.87 0.00 
1.97 1.44 0.94 1.03 0.00 
2.03 1.15 0.79 0.71 0.00 
1.98 1.10 1.10 0.42 0.00 
1.98 0.65 1.94 0.36 0.00 
1.91 1.14 1.90 0.15 0.00 
2.19 0.46 1.06 0.15 0.00 
2.14 0.46 0.99 1.15 0.00 
2.04 0.67 0.93 1.39 0.00 
1.97 1.56 0.82 1.01 0.00 
1.85 1.30 1.72 1.32 0.00 
2.16 0.53 0.92 0.93 0.00 
1.98 0.44 2.81 0.16 0.00 
1.98 1.15 1.21 0.34 0.00 
1.96 0.55 1.38 1.62 0.00 
1.99 1.17 1.07 0.40 0.00 
1.89 1.28 1.59 0.57 0.00 
1.89 1.98 1.40 0.07 0.00 
1.96 1.31 1.00 0.96 0.00 
2.14 0.61 0.90 1.40 0.00 
1.90 1.44 1.46 1.40 0.00 
1.90 1.19 1.66 0.51 0.00 
1.89 1.60 1.46 0.40 0.00 
2.28 0.29 1.69 0.28 0.00 
1.96 0.91 1.11 0.86 0.00 
2.04 0.61 1.02 0.87 0.00 
2.10 0.51 0.93 1.33 0.00 
2.00 0.81 1.33 0.27 0.00 
2.06 0.70 0.93 1.12 0.00 
2.18 0.54 0.94 0.44 0.00 
1.96 1.31 1.00 0.98 0.00 
1.87 0.65 1.69 1.71 0.00 
1.88 0.56 1.63 1.95 0.00 
2.17 0.50 1.11 0.33 0.00 
1.90 1.11 1.48 0.66 0.00 
1.96 0.53 1.35 1.86 0.00 
2.05 0.87 1.02 0.23 0.00 
1.95 1.43 1.04 0.68 0.00 
2.05 0.56 0.95 1.23 0.00 
1.99 0.91 0.86 1.14 0.00 
1.94 1.48 1.23 1.06 0.00 
2.02 0.44 1.39 1.05 0.00 
1.92 1.60 1.31 1.94 0.00 
2.19 0.45 1.06 0.14 0.00 
1.94 1.49 1.21 1.63 0.00 
