2.21 1.40 0.87 0.66 0.00 
2.70 0.66 1.28 0.12 0.00 
2.11 0.57 1.13 0.21 0.00 
2.01 0.21 1.16 1.25 0.00 
2.12 1.14 0.90 0.52 0.00 
2.14 1.02 0.91 0.77 0.00 
1.98 1.38 1.51 0.18 0.00 
2.11 1.47 1.33 0.01 0.00 
2.70 0.68 1.28 0.11 0.00 
2.19 0.66 1.41 0.02 0.00 
1.96 1.71 2.36 0.31 0.00 
2.06 0.23 1.12 1.26 0.00 
1.96 0.43 1.34 1.53 0.00 
2.70 0.64 1.24 0.15 0.00 
2.28 0.75 0.92 0.67 0.00 
2.18 1.22 0.98 0.01 0.00 
2.23 1.00 0.85 1.12 0.00 
2.18 1.63 0.90 0.41 0.00 
2.20 1.46 0.85 1.11 0.00 
2.28 0.70 0.91 0.90 0.00 
1.96 1.10 1.29 0.87 0.00 
2.04 0.80 1.52 0.05 0.00 
2.28 0.77 0.91 0.87 0.00 
2.60 0.97 1.21 0.02 0.00 
1.97 0.24 1.27 0.84 0.00 
2.01 0.63 0.91 1.22 0.00 
2.01 1.36 1.05 0.95 0.00 
2.21 1.42 0.87 0.63 0.00 
2.11 1.12 0.88 0.93 0.00 
2.08 1.42 0.83 1.55 0.00 
2.25 1.97 0.86 0.47 0.00 
2.22 1.16 0.92 0.13 0.00 
1.96 1.50 2.26 0.13 0.00 
2.20 1.44 0.86 1.04 0.00 
2.11 1.37 0.87 1.27 0.00 
2.21 1.46 0.87 0.64 0.00 
2.11 1.65 0.99 0.05 0.00 
2.27 1.00 0.90 0.06 0.00 
2.24 1.06 0.87 0.97 0.00 
2.20 1.16 0.87 1.00 0.00 
2.08 0.27 1.15 0.72 0.00 
2.23 1.91 0.86 0.82 0.00 
2.25 0.82 0.88 0.93 0.00 
2.22 1.37 0.87 0.71 0.00 
2.25 1.95 0.87 0.49 0.00 
2.02 0.89 1.00 0.87 0.00 
2.01 0.21 1.16 1.24 0.00 
2.20 1.64 0.88 0.46 0.00 
1.97 0.55 1.28 0.47 0.00 
2.26 2.00 0.86 0.35 0.00 
1.98 0.37 1.17 1.02 0.00 
2.25 1.98 0.86 0.70 0.00 
2.22 1.66 0.86 0.85 0.00 
2.18 1.65 0.90 0.30 0.00 
1.97 0.25 1.23 1.39 0.00 
2.21 0.36 1.84 0.09 0.00 
2.20 1.31 0.87 0.53 0.00 
2.13 0.81 0.97 0.12 0.00 
2.08 0.70 0.81 1.78 0.00 
2.12 1.25 0.86 1.27 0.00 
1.96 0.73 1.22 1.79 0.00 
2.13 1.17 0.86 1.34 0.00 
2.18 1.07 1.27 0.02 0.00 
2.19 1.60 0.89 0.30 0.00 
1.99 0.37 1.13 1.48 0.00 
2.21 1.46 0.86 0.67 0.00 
2.25 1.99 0.86 0.87 0.00 
2.00 1.39 1.02 1.41 0.00 
2.29 0.68 0.91 0.64 0.00 
2.28 0.76 0.91 0.81 0.00 
2.18 1.56 0.91 0.20 0.00 
2.18 0.90 0.94 0.43 0.00 
1.99 0.54 1.14 1.42 0.00 
2.01 1.16 1.03 1.92 0.00 
2.29 0.68 0.92 0.56 0.00 
2.12 1.24 0.95 0.01 0.00 
1.99 0.33 1.15 1.30 0.00 
2.12 1.35 0.86 1.41 0.00 
2.19 1.61 0.89 0.38 0.00 
2.17 1.75 0.92 0.08 0.00 
1.97 0.65 1.14 1.59 0.00 
2.17 1.24 0.84 1.22 0.00 
2.07 1.04 1.02 0.18 0.00 
1.99 0.43 1.18 0.92 0.00 
2.17 1.21 0.92 0.44 0.00 
2.11 1.38 0.89 1.14 0.00 
1.96 0.41 1.37 0.64 0.00 
2.18 1.08 0.88 1.06 0.00 
2.26 0.79 0.92 0.88 0.00 
2.12 1.35 0.86 1.47 0.00 
2.18 1.50 0.89 0.47 0.00 
2.13 0.81 0.97 0.16 0.00 
2.02 0.87 1.00 0.82 0.00 
2.12 1.13 0.88 0.83 0.00 
1.98 0.22 1.18 1.43 0.00 
2.24 1.94 0.87 0.55 0.00 
2.28 0.87 0.90 0.07 0.00 
2.18 1.62 0.90 0.42 0.00 
1.96 0.82 2.83 0.52 0.00 
2.07 1.17 1.00 0.01 0.00 
1.98 0.33 1.13 1.89 0.00 
2.22 0.89 0.89 1.06 0.00 
2.01 1.23 1.05 1.01 0.00 
2.69 0.67 1.27 0.11 0.00 
2.21 1.47 0.87 0.64 0.00 
2.05 0.81 1.09 0.10 0.00 
2.02 1.06 1.12 0.22 0.00 
1.99 0.47 1.15 0.89 0.00 
1.99 0.94 1.56 0.24 0.00 
2.20 1.21 0.93 0.17 0.00 
2.01 1.31 1.04 1.05 0.00 
2.18 0.68 1.39 0.09 0.00 
2.21 1.67 0.86 1.02 0.00 
1.98 0.43 1.15 1.47 0.00 
1.94 1.75 1.32 1.00 0.00 
2.20 1.18 0.87 0.98 0.00 
1.96 1.14 1.40 0.28 0.00 
2.29 0.81 0.93 0.49 0.00 
2.26 1.94 0.86 0.58 0.00 
2.23 1.07 0.88 0.96 0.00 
2.28 1.85 0.83 0.86 0.00 
2.20 0.83 0.94 0.05 0.00 
2.00 1.24 1.09 0.71 0.00 
2.07 0.85 1.08 0.09 0.00 
2.01 1.24 1.06 1.00 0.00 
2.24 1.01 0.89 0.21 0.00 
2.26 1.91 0.87 0.53 0.00 
2.23 1.90 0.85 1.03 0.00 
2.28 0.69 0.91 0.90 0.00 
1.94 1.98 1.32 1.79 0.00 
2.20 1.35 0.89 0.02 0.00 
1.97 0.24 1.27 0.83 0.00 
1.99 0.56 1.16 0.77 0.00 
2.14 1.48 0.87 0.91 0.00 
2.24 1.08 0.90 0.05 0.00 
2.01 1.20 1.09 0.45 0.00 
1.99 0.26 1.12 1.90 0.00 
1.98 0.22 2.56 0.51 0.00 
1.98 0.50 1.14 1.44 0.00 
2.13 0.75 0.97 0.15 0.00 
2.04 0.48 0.93 0.79 0.00 
2.20 1.16 0.87 0.99 0.00 
2.22 1.66 0.86 0.83 0.00 
1.96 1.27 1.31 0.66 0.00 
2.00 1.46 1.06 0.89 0.00 
2.01 0.94 1.05 1.20 0.00 
2.09 0.29 1.11 0.68 0.00 
2.40 0.94 1.22 0.02 0.00 
1.98 1.90 1.42 0.00 0.00 
2.11 1.31 0.88 0.77 0.00 
2.23 0.93 0.91 1.01 0.00 
2.03 0.90 1.10 0.35 0.00 
2.04 0.59 0.96 0.34 0.00 
2.24 0.82 0.88 0.77 0.00 
1.99 0.78 1.07 1.71 0.00 
2.21 1.43 0.86 0.85 0.00 
2.22 1.55 0.87 0.34 0.00 
2.03 0.94 0.99 0.85 0.00 
2.01 1.37 1.05 1.02 0.00 
1.97 0.38 1.17 1.20 0.00 
2.09 0.73 1.03 0.11 0.00 
1.97 0.31 2.24 0.81 0.00 
2.00 1.05 1.09 0.93 0.00 
2.24 1.06 0.87 0.93 0.00 
2.18 1.63 0.90 0.37 0.00 
1.99 0.56 1.18 0.76 0.00 
2.18 1.04 0.89 1.04 0.00 
2.21 1.55 0.85 1.13 0.00 
2.21 1.46 0.87 0.64 0.00 
2.00 0.38 1.14 1.43 0.00 
1.97 0.53 1.22 0.61 0.00 
1.96 0.66 1.20 1.07 0.00 
2.00 0.42 1.11 1.91 0.00 
2.29 0.67 0.92 0.61 0.00 
2.23 0.98 0.87 1.04 0.00 
1.95 1.61 1.32 1.60 0.00 
2.01 0.56 1.03 1.21 0.00 
2.19 1.74 0.89 0.32 0.00 
2.24 1.99 0.85 0.88 0.00 
2.08 0.28 1.15 0.71 0.00 
2.14 1.03 0.91 0.57 0.00 
2.02 0.99 1.05 0.68 0.00 
2.10 1.12 0.91 0.49 0.00 
2.03 0.21 1.13 1.60 0.00 
1.99 0.36 1.16 0.63 0.00 
2.18 0.98 0.87 1.34 0.00 
1.95 0.23 1.34 1.85 0.00 
2.06 0.21 1.12 1.37 0.00 
2.20 1.21 0.88 0.73 0.00 
2.01 0.64 0.91 1.22 0.00 
2.22 0.37 1.96 0.02 0.00 
2.09 0.34 1.06 0.88 0.00 
1.96 0.27 1.18 1.51 0.00 
2.00 1.38 1.03 1.31 0.00 
2.25 1.13 0.87 0.92 0.00 
2.02 0.21 2.65 0.43 0.00 
2.02 0.74 1.01 0.96 0.00 
1.95 0.24 1.35 1.62 0.00 
2.00 0.28 1.15 1.05 0.00 
2.19 1.49 0.86 1.01 0.00 
2.00 0.29 1.13 1.50 0.00 
2.11 1.11 0.88 0.65 0.00 
1.97 0.56 1.17 0.97 0.00 
1.99 0.53 1.14 1.41 0.00 
1.99 0.24 1.13 1.62 0.00 
2.10 1.02 0.90 0.78 0.00 
2.24 0.91 0.87 0.67 0.00 
2.20 1.30 0.89 0.06 0.00 
2.12 1.28 0.87 1.08 0.00 
2.02 0.21 1.25 0.91 0.00 
2.18 1.23 0.87 0.73 0.00 
2.03 0.48 0.94 1.04 0.00 
2.00 0.29 1.16 0.72 0.00 
2.02 1.18 0.93 0.21 0.00 
1.99 1.28 1.08 1.16 0.00 
2.09 0.66 0.81 1.92 0.00 
2.02 0.88 1.01 0.70 0.00 
1.98 0.34 1.17 1.02 0.00 
2.28 0.88 0.89 0.31 0.00 
1.97 0.41 1.13 2.00 0.00 
1.98 0.23 1.13 1.85 0.00 
1.99 0.25 1.15 1.57 0.00 
2.04 0.25 1.45 0.12 0.00 
2.25 0.83 0.88 0.84 0.00 
2.18 1.64 0.89 0.38 0.00 
2.14 1.24 0.86 1.04 0.00 
2.44 0.73 1.31 0.08 0.00 
2.09 0.71 1.02 0.19 0.00 
1.97 0.28 2.21 0.65 0.00 
2.24 1.05 0.86 0.94 0.00 
2.18 1.22 0.87 0.70 0.00 
1.99 0.30 1.14 1.38 0.00 
2.23 0.98 0.92 0.96 0.00 
2.13 1.33 0.91 0.15 0.00 
2.28 0.80 0.92 0.59 0.00 
1.98 0.48 1.12 1.65 0.00 
2.02 0.45 0.88 1.20 0.00 
2.25 1.57 0.86 0.96 0.00 
2.08 0.32 1.15 0.70 0.00 
2.18 0.98 0.88 1.17 0.00 
2.22 1.58 0.86 0.84 0.00 
1.95 0.21 1.36 1.84 0.00 
2.08 1.42 0.84 1.51 0.00 
2.21 0.34 1.93 0.08 0.00 
2.24 1.04 0.86 1.06 0.00 
2.02 0.74 1.00 0.95 0.00 
1.95 0.43 1.35 1.60 0.00 
2.01 1.14 0.93 0.87 0.00 
1.98 0.32 1.17 1.03 0.00 
2.20 1.25 0.89 0.29 0.00 
2.18 1.24 0.87 0.70 0.00 
1.99 0.29 1.15 1.35 0.00 
2.02 1.17 0.93 0.15 0.00 
2.69 0.70 1.35 0.05 0.00 
2.22 1.15 0.91 0.07 0.00 
2.21 1.38 0.88 0.43 0.00 
1.97 0.35 1.20 0.68 0.00 
2.08 1.18 0.80 1.57 0.00 
2.12 0.88 0.93 0.55 0.00 
2.25 1.99 0.85 1.03 0.00 
2.27 1.97 0.86 0.56 0.00 
2.17 1.74 0.91 0.12 0.00 
2.20 1.18 0.88 0.84 0.00 
2.28 1.85 0.83 0.86 0.00 
1.99 0.23 1.13 1.72 0.00 
2.21 1.12 0.86 1.03 0.00 
1.97 0.56 1.27 0.49 0.00 
2.00 1.30 1.08 1.14 0.00 
1.97 1.10 1.23 0.69 0.00 
2.09 0.62 0.81 1.71 0.00 
1.97 0.23 1.17 1.08 0.00 
2.03 0.39 1.71 0.12 0.00 
2.25 1.13 0.87 0.90 0.00 
2.20 1.17 0.87 0.85 0.00 
2.28 0.84 0.93 0.30 0.00 
2.25 1.95 0.87 0.47 0.00 
1.97 0.25 1.22 1.12 0.00 
2.22 1.71 0.88 0.34 0.00 
2.26 1.90 0.87 0.59 0.00 
2.18 1.50 0.90 0.45 0.00 
2.70 0.64 1.24 0.14 0.00 
1.96 1.02 1.28 0.88 0.00 
2.28 0.76 0.92 0.76 0.00 
1.93 1.99 1.32 1.85 0.00 
1.96 1.61 2.30 0.15 0.00 
1.94 1.69 1.31 1.73 0.00 
2.05 0.77 1.15 0.06 0.00 
2.00 0.39 1.14 0.94 0.00 
2.29 0.74 0.89 0.66 0.00 
1.97 0.76 1.56 0.28 0.00 
2.26 1.91 0.86 0.59 0.00 
2.28 0.97 0.90 0.07 0.00 
2.11 0.54 1.26 0.24 0.00 
2.20 1.46 0.86 1.03 0.00 
2.02 0.83 1.00 0.90 0.00 
2.20 0.90 0.95 0.43 0.00 
2.21 1.65 0.88 0.42 0.00 
2.00 0.32 1.16 0.75 0.00 
1.99 0.47 1.14 1.55 0.00 
2.21 1.38 0.88 0.43 0.00 
2.14 1.24 0.87 1.04 0.00 
2.24 0.95 0.86 1.10 0.00 
1.99 0.28 1.12 1.90 0.00 
1.99 0.53 1.18 0.83 0.00 
1.97 0.35 1.16 1.34 0.00 
2.20 1.45 0.85 1.13 0.00 
1.98 0.21 1.25 0.62 0.00 
2.17 1.26 0.85 1.20 0.00 
2.00 0.40 1.11 1.92 0.00 
2.02 1.11 0.93 0.29 0.00 
2.11 1.38 0.89 1.14 0.00 
1.99 0.32 1.17 1.01 0.00 
1.98 0.57 1.18 0.76 0.00 
2.28 0.81 0.93 0.59 0.00 
2.02 0.89 1.03 0.62 0.00 
2.23 1.47 0.88 0.41 0.00 
2.23 0.99 0.86 1.11 0.00 
2.25 1.94 0.86 0.51 0.00 
1.99 0.25 1.15 1.42 0.00 
2.13 0.81 0.97 0.13 0.00 
1.98 0.39 2.24 0.11 0.00 
2.03 0.51 0.99 0.68 0.00 
1.95 1.61 1.32 1.59 0.00 
1.97 0.24 1.19 0.83 0.00 
2.10 1.01 0.90 0.88 0.00 
2.03 0.44 0.93 1.05 0.00 
1.97 1.13 1.42 0.52 0.00 
1.98 0.22 1.16 1.65 0.00 
2.22 1.18 0.89 0.61 0.00 
2.18 0.91 0.94 0.43 0.00 
2.19 1.61 0.89 0.31 0.00 
2.01 1.22 1.07 1.08 0.00 
2.00 0.42 1.11 1.92 0.00 
2.21 1.48 0.87 0.61 0.00 
2.00 0.28 1.13 1.50 0.00 
2.18 1.20 0.86 1.07 0.00 
2.11 1.09 0.90 1.06 0.00 
1.97 0.40 1.13 1.99 0.00 
1.96 0.69 1.14 1.91 0.00 
1.98 0.21 1.25 0.62 0.00 
2.22 1.15 0.86 1.00 0.00 
1.99 1.32 1.11 1.06 0.00 
2.23 1.12 0.90 0.13 0.00 
2.31 0.74 0.91 0.54 0.00 
2.11 1.08 0.91 0.73 0.00 
2.13 1.34 0.92 0.14 0.00 
2.23 1.02 0.90 0.06 0.00 
2.11 0.55 1.25 0.25 0.00 
1.99 0.49 1.16 1.12 0.00 
1.99 0.56 1.16 0.85 0.00 
2.01 0.65 0.91 1.13 0.00 
1.98 0.32 1.17 1.04 0.00 
2.18 1.24 0.87 0.70 0.00 
2.18 1.63 0.90 0.29 0.00 
2.01 0.64 0.92 1.18 0.00 
2.02 1.07 1.15 0.15 0.00 
2.01 1.16 1.10 0.37 0.00 
2.22 1.65 0.86 0.82 0.00 
2.22 1.62 0.88 0.31 0.00 
1.99 0.36 1.17 0.53 0.00 
2.23 0.99 0.87 0.62 0.00 
2.21 1.39 0.88 0.43 0.00 
2.28 0.88 0.90 0.14 0.00 
1.95 0.23 1.34 1.98 0.00 
2.14 1.18 0.87 0.91 0.00 
2.00 0.32 1.16 0.58 0.00 
2.08 0.30 1.11 0.76 0.00 
1.97 0.23 1.17 1.05 0.00 
2.25 1.21 0.86 0.84 0.00 
2.02 0.83 1.00 0.90 0.00 
2.00 0.31 1.16 0.75 0.00 
1.99 0.45 1.14 1.55 0.00 
2.14 1.24 0.86 1.06 0.00 
2.24 0.96 0.87 1.04 0.00 
1.98 0.55 1.18 0.77 0.00 
2.04 0.46 0.93 0.83 0.00 
2.24 0.82 0.88 0.70 0.00 
2.00 1.05 1.10 0.84 0.00 
2.00 0.38 1.14 1.43 0.00 
2.23 0.98 0.91 0.95 0.00 
2.25 1.57 0.86 0.97 0.00 
1.99 0.29 1.15 1.35 0.00 
1.96 1.02 1.29 0.89 0.00 
2.02 0.83 1.01 0.90 0.00 
2.18 1.63 0.90 0.35 0.00 
1.98 0.26 2.49 0.50 0.00 
2.03 0.92 1.13 0.14 0.00 
2.28 0.78 0.92 0.84 0.00 
1.97 0.24 1.27 0.80 0.00 
2.01 0.64 0.91 1.22 0.00 
2.20 1.17 0.87 0.96 0.00 
2.24 0.82 0.88 0.72 0.00 
2.09 0.76 1.04 0.19 0.00 
1.95 1.60 1.31 1.62 0.00 
2.21 1.48 0.87 0.62 0.00 
1.95 0.24 1.36 1.37 0.00 
2.10 1.03 0.90 0.76 0.00 
2.02 0.89 1.01 0.71 0.00 
1.98 0.36 1.17 1.04 0.00 
2.27 0.80 0.93 0.60 0.00 
2.18 1.23 0.88 0.70 0.00 
1.94 1.70 1.31 1.65 0.00 
2.29 0.73 0.90 0.61 0.00 
2.22 1.00 0.87 1.06 0.00 
2.22 1.15 0.86 0.89 0.00 
1.99 1.32 1.10 1.22 0.00 
2.28 0.75 0.92 0.67 0.00 
2.20 1.46 0.86 1.11 0.00 
2.01 0.62 0.92 1.23 0.00 
2.18 0.90 0.94 0.50 0.00 
1.98 0.43 1.14 1.47 0.00 
1.99 0.54 1.17 0.78 0.00 
2.24 1.06 0.90 0.05 0.00 
1.98 0.50 1.15 1.31 0.00 
2.04 0.56 0.93 0.76 0.00 
2.04 0.75 1.03 0.50 0.00 
2.01 0.93 1.05 1.62 0.00 
2.09 0.30 1.12 0.70 0.00 
2.11 1.27 0.89 0.78 0.00 
2.03 0.86 1.10 0.23 0.00 
2.04 0.59 0.96 0.35 0.00 
2.24 0.82 0.88 1.19 0.00 
1.99 0.79 1.08 1.65 0.00 
2.23 1.55 0.88 0.33 0.00 
2.03 0.93 1.00 0.83 0.00 
2.09 0.71 1.04 0.19 0.00 
1.97 0.31 2.26 0.64 0.00 
2.00 1.05 1.09 0.92 0.00 
2.18 1.62 0.89 0.40 0.00 
1.99 0.65 1.18 0.75 0.00 
2.21 1.46 0.87 0.64 0.00 
2.00 0.37 1.14 1.43 0.00 
1.97 0.49 1.21 0.62 0.00 
1.96 0.67 1.20 1.00 0.00 
2.00 0.42 1.11 1.91 0.00 
2.29 0.67 0.91 0.60 0.00 
2.23 0.98 0.87 1.03 0.00 
1.95 1.60 1.31 1.60 0.00 
2.01 0.55 1.03 1.22 0.00 
2.19 1.75 0.90 0.30 0.00 
2.08 0.28 1.15 0.73 0.00 
2.14 1.03 0.92 0.57 0.00 
2.02 0.99 1.05 0.67 0.00 
2.03 0.23 1.14 1.54 0.00 
1.99 0.37 1.18 0.52 0.00 
2.18 0.97 0.87 1.34 0.00 
2.21 1.48 0.87 0.62 0.00 
2.20 1.22 0.87 0.72 0.00 
1.96 0.27 1.18 1.44 0.00 
2.00 1.36 1.03 1.35 0.00 
1.95 0.25 1.35 1.63 0.00 
2.00 0.28 1.15 1.06 0.00 
2.19 1.49 0.87 1.01 0.00 
2.11 1.14 0.89 0.63 0.00 
1.97 0.56 1.18 0.99 0.00 
1.99 0.53 1.14 1.41 0.00 
1.99 0.24 1.12 1.63 0.00 
2.10 1.02 0.91 0.81 0.00 
2.24 0.91 0.87 0.67 0.00 
2.03 0.51 0.94 0.93 0.00 
2.02 1.18 0.94 0.25 0.00 
2.09 0.66 0.81 1.78 0.00 
1.98 0.33 1.17 1.02 0.00 
2.20 1.44 0.86 1.06 0.00 
1.97 0.42 1.13 2.00 0.00 
1.98 0.22 1.14 1.84 0.00 
1.99 0.28 1.15 1.57 0.00 
2.04 0.23 1.45 0.15 0.00 
1.97 0.26 2.22 0.66 0.00 
2.18 1.22 0.88 0.70 0.00 
2.23 0.97 0.92 0.96 0.00 
2.13 1.32 0.91 0.15 0.00 
2.28 0.80 0.92 0.61 0.00 
2.02 0.45 0.90 1.05 0.00 
1.95 0.41 1.35 1.37 0.00 
1.98 0.31 1.17 1.04 0.00 
2.20 1.25 0.89 0.08 0.00 
1.99 0.29 1.15 1.35 0.00 
2.02 1.18 0.98 0.11 0.00 
2.69 0.67 1.32 0.17 0.00 
2.22 1.15 0.92 0.04 0.00 
2.21 1.38 0.88 0.44 0.00 
2.09 1.17 0.80 1.66 0.00 
2.12 0.88 0.93 0.55 0.00 
2.17 1.74 0.91 0.24 0.00 
2.20 1.15 0.88 0.86 0.00 
2.24 1.02 0.91 0.13 0.00 
1.99 0.23 1.13 1.72 0.00 
2.21 1.10 0.85 1.04 0.00 
2.00 1.29 1.08 1.14 0.00 
1.97 1.08 1.23 0.69 0.00 
1.97 0.23 1.17 1.07 0.00 
2.03 0.39 1.74 0.03 0.00 
2.20 1.18 0.88 0.84 0.00 
1.96 1.04 1.28 0.88 0.00 
2.28 0.75 0.92 0.77 0.00 
1.93 1.99 1.32 1.85 0.00 
1.96 1.62 2.29 0.16 0.00 
2.05 0.77 1.16 0.09 0.00 
2.00 0.40 1.15 0.91 0.00 
1.97 0.80 1.54 0.28 0.00 
1.96 1.19 1.37 0.63 0.00 
2.28 0.98 0.90 0.03 0.00 
2.11 0.53 1.26 0.23 0.00 
1.99 0.47 1.14 1.55 0.00 
1.99 0.52 1.14 1.40 0.00 
2.14 1.25 0.87 1.04 0.00 
1.99 0.36 1.12 1.87 0.00 
1.99 0.53 1.18 0.82 0.00 
1.97 0.35 1.16 1.24 0.00 
2.20 1.48 0.86 1.08 0.00 
2.01 0.22 1.17 1.08 0.00 
2.00 0.41 1.11 1.89 0.00 
2.02 1.11 0.93 0.11 0.00 
2.12 0.91 0.93 0.51 0.00 
1.99 1.18 1.08 1.18 0.00 
2.28 0.81 0.96 0.48 0.00 
1.99 0.26 1.15 1.37 0.00 
1.98 0.39 2.20 0.08 0.00 
2.03 0.53 1.10 0.43 0.00 
1.97 0.65 1.19 0.76 0.00 
2.10 1.02 0.91 0.82 0.00 
2.02 0.52 1.02 0.63 0.00 
1.98 0.21 1.16 1.64 0.00 
2.18 0.91 0.94 0.46 0.00 
2.00 0.27 1.13 1.50 0.00 
2.11 1.09 0.90 1.03 0.00 
1.97 0.40 1.13 2.00 0.00 
1.96 0.69 1.16 1.82 0.00 
1.98 0.22 1.25 0.62 0.00 
2.22 1.17 0.87 0.97 0.00 
1.99 1.32 1.11 1.12 0.00 
2.23 1.12 0.91 0.05 0.00 
2.11 1.08 0.91 0.73 0.00 
2.13 1.34 0.91 0.14 0.00 
2.23 0.99 0.90 0.13 0.00 
1.99 0.51 1.16 1.04 0.00 
1.99 0.58 1.16 0.85 0.00 
2.01 0.65 0.92 1.13 0.00 
1.98 0.34 1.17 1.03 0.00 
2.01 0.65 0.95 1.11 0.00 
1.99 0.36 1.17 0.68 0.00 
2.23 0.99 0.88 0.62 0.00 
2.21 1.38 0.88 0.43 0.00 
2.28 0.87 0.90 0.08 0.00 
2.08 0.28 1.12 0.77 0.00 
2.00 0.31 1.16 1.15 0.00 
1.99 0.46 1.14 1.42 0.00 
2.14 1.23 0.86 1.07 0.00 
2.24 0.96 0.86 1.04 0.00 
2.01 0.63 0.91 1.21 0.00 
2.18 1.62 0.89 0.47 0.00 
2.28 0.75 0.92 0.78 0.00 
2.20 1.46 0.85 1.12 0.00 
2.28 0.73 0.92 0.87 0.00 
2.25 2.00 0.87 0.41 0.00 
2.23 1.91 0.86 0.82 0.00 
2.04 0.40 0.96 0.25 0.00 
2.27 1.96 0.86 0.58 0.00 
2.08 1.63 2.24 0.00 0.00 
2.27 1.95 0.86 0.58 0.00 
2.21 1.40 0.87 0.66 0.00 
2.70 0.67 1.28 0.11 0.00 
2.01 0.21 1.16 1.25 0.00 
2.11 1.02 0.90 0.77 0.00 
2.70 0.68 1.28 0.11 0.00 
2.19 0.65 1.41 0.06 0.00 
1.96 1.71 2.38 0.26 0.00 
2.28 0.75 0.92 0.68 0.00 
2.18 1.22 0.98 0.03 0.00 
2.23 1.00 0.86 1.03 0.00 
2.18 1.63 0.89 0.41 0.00 
2.20 1.45 0.86 1.12 0.00 
2.28 0.69 0.92 0.87 0.00 
1.96 1.11 1.29 0.84 0.00 
1.97 0.24 1.27 0.83 0.00 
2.01 0.63 0.91 1.27 0.00 
2.01 1.35 1.05 0.91 0.00 
2.21 1.42 0.87 0.63 0.00 
2.11 1.12 0.88 0.93 0.00 
1.96 1.51 2.27 0.24 0.00 
2.20 1.44 0.86 1.04 0.00 
2.11 1.38 0.87 1.44 0.00 
2.21 1.47 0.87 0.64 0.00 
2.27 0.98 0.90 0.06 0.00 
2.24 1.06 0.87 0.97 0.00 
2.20 1.16 0.87 1.00 0.00 
2.08 0.27 1.16 0.72 0.00 
2.23 1.90 0.86 0.84 0.00 
2.02 0.90 1.01 0.86 0.00 
2.01 0.21 1.16 1.23 0.00 
1.98 0.37 1.17 1.02 0.00 
2.25 1.99 0.86 0.68 0.00 
1.94 1.91 1.30 1.98 0.00 
2.20 1.31 0.88 0.53 0.00 
2.13 0.81 0.97 0.12 0.00 
2.12 1.25 0.87 1.26 0.00 
1.96 0.73 1.23 1.87 0.00 
2.13 1.17 0.87 1.34 0.00 
1.99 0.47 1.14 1.44 0.00 
2.21 1.46 0.86 0.68 0.00 
2.29 0.68 0.92 0.64 0.00 
2.18 1.56 0.91 0.20 0.00 
2.18 0.90 0.94 0.40 0.00 
1.99 0.54 1.14 1.41 0.00 
2.29 0.68 0.92 0.56 0.00 
2.12 1.19 0.95 0.03 0.00 
1.99 0.33 1.15 1.31 0.00 
2.19 1.61 0.89 0.37 0.00 
1.97 0.67 1.15 1.58 0.00 
2.17 1.24 0.85 1.20 0.00 
1.99 0.44 1.18 0.88 0.00 
2.11 1.38 0.89 1.13 0.00 
1.96 0.41 1.37 0.77 0.00 
2.18 1.08 0.88 1.02 0.00 
2.26 0.80 0.93 0.87 0.00 
2.12 1.36 0.86 1.52 0.00 
1.98 0.21 1.18 1.46 0.00 
2.28 0.87 0.90 0.25 0.00 
2.18 1.62 0.90 0.40 0.00 
2.22 0.89 0.89 1.08 0.00 
2.05 0.82 1.09 0.09 0.00 
2.02 1.08 1.11 0.37 0.00 
1.99 0.46 1.15 0.90 0.00 
1.99 0.95 1.54 0.24 0.00 
2.20 1.21 0.93 0.17 0.00 
2.01 1.32 1.04 1.04 0.00 
2.21 1.67 0.86 0.99 0.00 
1.98 0.44 1.14 1.46 0.00 
1.94 1.75 1.31 1.03 0.00 
2.20 1.17 0.87 0.99 0.00 
2.28 1.85 0.83 0.82 0.00 
2.20 0.83 0.95 0.08 0.00 
2.00 1.24 1.10 0.70 0.00 
2.07 0.85 1.07 0.09 0.00 
2.01 1.24 1.06 1.00 0.00 
2.24 1.02 0.90 0.09 0.00 
2.26 1.91 0.87 0.54 0.00 
2.23 1.90 0.85 1.03 0.00 
2.28 0.69 0.92 0.87 0.00 
1.94 1.98 1.32 1.76 0.00 
2.20 1.36 0.89 0.36 0.00 
2.01 1.20 1.09 0.49 0.00 
1.99 0.27 1.12 1.91 0.00 
1.98 0.51 1.14 1.44 0.00 
2.13 0.76 0.97 0.13 0.00 
2.00 0.93 1.05 1.51 0.00 
2.09 0.35 1.16 0.62 0.00 
1.98 1.90 1.42 0.07 0.00 
2.11 1.32 0.89 0.76 0.00 
2.23 0.93 0.91 1.00 0.00 
2.03 0.90 1.11 0.10 0.00 
2.04 0.60 0.97 0.33 0.00 
2.24 0.83 0.89 0.93 0.00 
1.99 0.78 1.07 1.69 0.00 
2.21 1.43 0.86 0.85 0.00 
2.23 1.54 0.88 0.34 0.00 
2.03 0.94 0.99 0.85 0.00 
1.97 0.25 1.13 1.68 0.00 
2.00 1.05 1.09 0.92 0.00 
1.99 0.62 1.18 0.73 0.00 
2.00 0.37 1.14 1.44 0.00 
1.97 0.53 1.21 0.61 0.00 
1.96 0.66 1.20 1.06 0.00 
2.00 0.43 1.12 1.74 0.00 
2.29 0.67 0.92 0.61 0.00 
2.23 0.98 0.87 1.03 0.00 
1.95 1.61 1.32 1.48 0.00 
2.01 0.56 1.03 1.10 0.00 
2.19 1.74 0.89 0.32 0.00 
2.14 1.03 0.93 0.58 0.00 
2.02 0.98 1.05 0.65 0.00 
2.10 1.12 0.92 0.40 0.00 
2.03 0.22 1.13 1.58 0.00 
1.99 0.35 1.18 0.84 0.00 
2.18 0.98 0.87 1.33 0.00 
2.20 1.21 0.88 0.73 0.00 
2.01 0.61 0.91 1.23 0.00 
2.09 0.35 1.08 0.89 0.00 
1.96 0.27 1.19 1.34 0.00 
2.00 1.37 1.03 1.46 0.00 
2.25 1.13 0.87 0.91 0.00 
2.02 0.74 1.01 0.95 0.00 
2.00 0.28 1.16 1.04 0.00 
2.20 1.49 0.87 1.01 0.00 
2.00 0.29 1.13 1.49 0.00 
2.11 1.11 0.89 0.63 0.00 
1.97 0.56 1.18 0.95 0.00 
1.99 0.51 1.14 1.42 0.00 
1.99 0.24 1.13 1.61 0.00 
2.23 0.91 0.87 0.58 0.00 
2.03 0.49 0.95 1.02 0.00 
2.00 0.29 1.16 0.66 0.00 
2.02 1.18 0.93 0.05 0.00 
1.99 1.28 1.08 1.15 0.00 
2.09 0.66 0.81 1.92 0.00 
1.98 0.34 1.17 1.01 0.00 
1.97 0.41 1.13 1.99 0.00 
1.98 0.27 1.13 1.83 0.00 
1.99 0.25 1.16 1.56 0.00 
2.25 0.83 0.88 0.94 0.00 
2.18 1.64 0.90 0.38 0.00 
2.14 1.25 0.86 1.04 0.00 
2.09 0.71 1.02 0.12 0.00 
2.18 1.22 0.88 0.71 0.00 
1.99 0.31 1.14 1.38 0.00 
2.23 0.98 0.91 0.95 0.00 
2.13 1.33 0.91 0.17 0.00 
2.28 0.80 0.92 0.59 0.00 
1.98 0.48 1.13 1.69 0.00 
2.25 1.57 0.86 0.96 0.00 
2.08 0.33 1.15 0.70 0.00 
2.18 0.98 0.89 1.15 0.00 
2.08 1.41 0.83 1.65 0.00 
2.21 0.34 1.93 0.07 0.00 
2.02 0.74 1.01 0.91 0.00 
1.95 0.42 1.35 1.42 0.00 
2.01 1.15 0.92 0.89 0.00 
1.98 0.32 1.17 1.03 0.00 
2.18 1.24 0.88 0.70 0.00 
1.99 0.29 1.15 1.35 0.00 
2.02 1.18 0.94 0.16 0.00 
2.22 1.15 0.91 0.06 0.00 
2.21 1.39 0.88 0.42 0.00 
1.97 0.35 1.20 0.66 0.00 
2.08 1.18 0.80 1.76 0.00 
2.12 0.92 0.94 0.49 0.00 
2.25 1.99 0.85 1.03 0.00 
2.27 1.97 0.86 0.55 0.00 
2.20 1.18 0.88 0.84 0.00 
2.28 1.85 0.83 0.82 0.00 
1.99 0.23 1.13 1.74 0.00 
2.21 1.12 0.86 1.02 0.00 
1.97 0.56 1.27 0.60 0.00 
2.00 1.30 1.08 1.14 0.00 
1.97 0.26 1.17 1.07 0.00 
2.03 0.39 1.74 0.01 0.00 
2.25 1.13 0.87 0.91 0.00 
2.20 1.17 0.88 0.85 0.00 
2.28 0.84 0.92 0.28 0.00 
1.97 0.25 1.40 1.02 0.00 
2.26 1.91 0.87 0.59 0.00 
2.70 0.65 1.24 0.15 0.00 
1.96 1.02 1.28 0.88 0.00 
2.28 0.76 0.94 0.69 0.00 
1.93 1.99 1.32 1.84 0.00 
1.96 1.61 2.30 0.15 0.00 
2.05 0.77 1.16 0.03 0.00 
2.00 0.40 1.15 0.87 0.00 
2.29 0.74 0.90 0.66 0.00 
2.26 1.91 0.86 0.59 0.00 
2.28 0.96 0.93 0.13 0.00 
2.20 1.47 0.87 1.02 0.00 
2.02 0.83 1.00 0.91 0.00 
2.20 0.90 0.95 0.42 0.00 
2.21 1.65 0.88 0.42 0.00 
2.00 0.32 1.18 0.69 0.00 
2.21 1.38 0.88 0.42 0.00 
2.24 0.95 0.86 1.10 0.00 
2.00 0.25 1.12 1.78 0.00 
1.99 0.52 1.17 0.81 0.00 
1.97 0.40 1.15 1.35 0.00 
2.20 1.46 0.85 1.12 0.00 
2.01 0.21 1.17 1.23 0.00 
1.98 0.21 1.25 0.61 0.00 
2.17 1.26 0.85 1.20 0.00 
2.00 0.41 1.11 1.82 0.00 
1.99 0.32 1.17 0.98 0.00 
2.12 0.92 0.93 0.51 0.00 
1.99 0.25 1.16 1.38 0.00 
2.13 0.79 0.98 0.11 0.00 
1.98 0.38 2.21 0.13 0.00 
2.03 0.48 0.99 0.69 0.00 
1.95 1.61 1.32 1.58 0.00 
1.97 0.23 1.19 0.90 0.00 
2.03 0.45 0.94 1.04 0.00 
1.98 0.22 1.15 1.82 0.00 
2.18 0.91 0.95 0.43 0.00 
2.19 1.61 0.90 0.29 0.00 
2.00 0.42 1.11 1.86 0.00 
2.21 1.47 0.87 0.60 0.00 
2.00 0.28 1.14 1.44 0.00 
2.18 1.21 0.86 1.03 0.00 
2.11 1.09 0.90 0.88 0.00 
1.98 0.38 1.12 2.00 0.00 
1.96 0.70 1.15 1.89 0.00 
1.98 0.21 1.29 0.52 0.00 
2.22 1.15 0.86 0.92 0.00 
2.23 1.12 0.90 0.13 0.00 
2.04 0.40 0.96 0.25 0.00 
2.27 1.96 0.86 0.58 0.00 
2.08 1.63 2.24 0.00 0.00 
2.83 1.89 1.13 0.09 0.00 
2.65 1.84 1.04 0.32 0.00 
2.58 1.08 2.90 1.17 0.00 
2.65 1.68 1.04 1.61 0.00 
2.84 1.90 1.13 0.12 0.00 
2.90 0.84 1.37 0.39 0.00 
2.55 1.84 1.00 0.67 0.00 
2.55 1.82 1.14 0.69 0.00 
2.89 1.09 1.21 0.35 0.00 
2.99 0.80 1.25 0.44 0.00 
2.57 1.82 1.12 0.42 0.00 
2.63 1.35 1.09 0.86 0.00 
2.89 1.09 1.21 0.38 0.00 
2.57 1.83 1.14 0.38 0.00 
2.55 1.17 2.83 1.14 0.00 
2.14 2.00 1.36 1.95 0.00 
2.60 1.93 0.99 1.21 0.00 
2.60 1.96 0.99 1.14 0.00 
2.45 1.26 2.98 0.19 0.00 
2.55 1.17 2.58 1.20 0.00 
2.56 1.13 2.72 1.36 0.00 
2.57 1.82 1.13 0.59 0.00 
2.57 1.82 1.12 0.59 0.00 
2.57 1.83 1.14 0.54 0.00 
2.56 1.83 1.01 0.67 0.00 
2.55 1.81 1.13 0.67 0.00 
2.88 1.10 1.34 0.25 0.00 
2.99 0.80 1.25 0.31 0.00 
2.57 1.82 1.13 0.28 0.00 
2.63 1.34 1.10 0.87 0.00 
2.89 1.06 1.21 0.39 0.00 
2.57 1.83 1.14 0.32 0.00 
2.60 1.96 0.99 1.15 0.00 
2.89 0.87 1.22 0.27 0.00 
2.65 1.84 1.04 0.17 0.00 
2.42 1.32 1.11 1.90 0.00 
2.58 1.08 2.89 1.04 0.00 
2.65 1.68 1.04 1.68 0.00 
2.84 1.90 1.13 0.17 0.00 
2.90 0.86 1.40 0.39 0.00 
2.55 1.82 1.14 0.89 0.00 
2.89 1.10 1.22 0.21 0.00 
2.57 1.82 1.12 0.36 0.00 
2.63 1.35 1.09 0.86 0.00 
2.54 1.82 1.21 1.71 0.00 
2.60 1.93 0.99 1.23 0.00 
2.60 1.96 0.99 1.14 0.00 
2.15 1.99 1.36 2.00 0.00 
2.89 0.87 1.22 0.27 0.00 
2.27 1.57 1.55 0.73 0.00 
2.19 1.40 1.62 1.85 0.00 
2.34 0.44 2.01 1.61 0.00 
2.14 1.10 2.03 0.74 0.00 
2.26 1.86 1.62 0.37 0.00 
2.20 1.40 1.95 0.43 0.00 
2.20 0.94 2.15 0.41 0.00 
2.21 0.80 2.28 0.49 0.00 
2.37 1.83 2.87 0.05 0.00 
2.31 0.40 2.07 1.68 0.00 
2.28 0.57 1.52 1.01 0.00 
2.28 0.58 1.54 0.96 0.00 
2.14 1.00 2.92 0.58 0.00 
2.27 1.60 1.56 0.70 0.00 
2.14 1.91 2.30 0.40 0.00 
2.21 1.28 1.62 1.53 0.00 
2.23 1.45 1.96 0.13 0.00 
2.28 0.56 1.54 0.72 0.00 
2.27 1.57 1.72 0.69 0.00 
2.27 0.65 1.53 0.99 0.00 
2.26 1.79 1.62 0.65 0.00 
2.23 1.16 1.91 0.37 0.00 
2.26 1.74 1.56 0.74 0.00 
2.27 0.51 1.72 0.98 0.00 
2.29 0.51 1.53 0.96 0.00 
2.28 0.52 1.54 0.69 0.00 
2.27 1.72 1.56 0.79 0.00 
2.21 0.77 2.27 0.54 0.00 
2.28 0.57 1.52 1.00 0.00 
2.28 0.57 1.54 0.95 0.00 
2.27 1.60 1.55 0.86 0.00 
2.28 0.64 1.53 0.95 0.00 
2.26 1.58 1.80 0.73 0.00 
2.26 1.82 1.64 0.62 0.00 
2.23 1.16 1.90 0.39 0.00 
2.26 1.74 1.59 0.74 0.00 
2.28 0.48 1.56 0.56 0.00 
2.19 1.40 1.63 1.85 0.00 
2.35 0.43 2.01 1.20 0.00 
2.14 1.10 2.00 0.74 0.00 
2.26 1.86 1.64 0.37 0.00 
2.20 0.94 2.17 0.27 0.00 
2.21 0.80 2.29 0.49 0.00 
2.37 1.83 2.88 0.07 0.00 
2.31 0.43 2.16 1.49 0.00 
2.28 0.57 1.52 1.01 0.00 
2.28 0.56 1.53 0.97 0.00 
2.27 1.61 1.56 0.68 0.00 
2.28 0.56 1.52 1.02 0.00 
2.22 1.29 1.61 1.53 0.00 
2.24 1.45 1.96 0.23 0.00 
2.28 0.51 1.54 0.73 0.00 
2.28 1.92 1.60 0.54 0.00 
2.27 0.63 1.53 0.99 0.00 
2.26 1.80 1.63 0.63 0.00 
2.23 1.17 1.92 1.53 0.00 
2.26 1.76 1.58 0.71 0.00 
2.28 0.48 1.56 0.56 0.00 
