1.92e+000 1.36e-003 6.31e-002 1.30e-002 5.06e-002 8.84e-001 7.46e-004 4.85e-003 1.41e-003 2.00e+002 3.79e-005 3.70e-005 4.08e-005 7.61e-005 3.03e-004 3.90e-002 2.83e-002 1.71e-003 9.78e-003 1.55e-004 4.29e-002 2.56e+001 
1.92e+000 1.31e-003 6.31e-002 1.36e-002 5.06e-002 8.84e-001 7.46e-004 4.85e-003 1.39e-003 1.97e+002 3.79e-005 3.72e-005 4.08e-005 7.55e-005 3.03e-004 3.90e-002 2.87e-002 1.80e-003 9.78e-003 1.55e-004 4.31e-002 2.55e+001 
2.08e+000 2.68e-003 2.36e-002 5.65e-002 5.48e-002 4.97e-001 5.06e-004 9.77e-003 5.91e-004 3.76e+002 4.08e-005 3.41e-005 7.88e-005 6.02e-005 7.86e-004 1.65e-002 2.38e-002 1.78e-003 1.97e-001 5.53e-003 7.59e-003 2.23e+001 
1.92e+000 1.35e-003 6.13e-002 1.30e-002 5.01e-002 8.82e-001 7.46e-004 4.85e-003 1.41e-003 2.00e+002 3.79e-005 3.70e-005 4.08e-005 7.62e-005 3.03e-004 3.90e-002 2.83e-002 1.71e-003 1.05e-002 2.45e-004 4.30e-002 2.60e+001 
2.08e+000 2.68e-003 2.36e-002 5.65e-002 5.48e-002 4.97e-001 5.06e-004 9.77e-003 5.91e-004 3.76e+002 4.08e-005 3.41e-005 7.88e-005 6.02e-005 7.86e-004 1.65e-002 2.38e-002 1.78e-003 1.97e-001 5.53e-003 7.59e-003 2.23e+001 
2.11e+000 2.36e-003 2.15e-002 2.81e-002 4.02e-002 8.00e-001 9.60e-004 8.56e-003 5.00e-004 3.85e+002 2.93e-005 4.91e-005 8.00e-005 6.55e-005 9.11e-004 3.64e-002 1.06e-002 5.20e-004 7.78e-002 3.01e-003 1.90e-002 9.48e+001 
2.07e+000 0.00e+000 5.73e-002 1.64e-003 3.52e-002 2.67e-001 4.59e-004 2.68e-004 1.39e-003 2.30e+002 4.21e-005 4.06e-005 6.47e-005 7.55e-005 5.50e-004 1.59e-002 2.23e-002 5.40e-004 5.66e-002 9.33e-003 1.41e-002 7.42e+001 
2.07e+000 0.00e+000 5.73e-002 2.70e-002 3.52e-002 3.22e-001 4.35e-004 3.03e-003 1.39e-003 2.30e+002 4.21e-005 4.06e-005 6.87e-005 5.98e-005 5.50e-004 1.59e-002 1.78e-002 5.40e-004 5.66e-002 4.51e-003 1.41e-002 7.42e+001 
2.31e+000 1.00e-003 1.71e-001 3.75e-002 5.00e-002 6.11e-001 4.59e-004 6.03e-003 7.50e-004 3.17e+002 2.44e-005 3.39e-005 9.89e-005 6.95e-005 2.80e-004 4.00e-002 7.24e-003 0.00e+000 1.36e-001 2.86e-003 8.88e-003 7.86e+001 
1.94e+000 2.26e-006 1.44e-001 2.34e-002 3.56e-002 2.78e-001 5.65e-004 2.64e-003 9.12e-004 2.37e+002 4.24e-005 4.46e-005 4.94e-005 8.11e-005 5.53e-004 2.32e-002 3.00e-002 4.48e-004 2.67e-002 9.40e-003 2.38e-002 5.56e+001 
2.07e+000 0.00e+000 5.73e-002 2.46e-002 3.52e-002 2.67e-001 4.12e-004 2.68e-004 1.39e-003 2.30e+002 4.35e-005 4.29e-005 6.47e-005 7.63e-005 6.74e-004 1.68e-002 2.67e-002 5.29e-004 5.66e-002 9.33e-003 1.18e-002 1.46e+002 
2.07e+000 0.00e+000 5.73e-002 2.27e-002 3.52e-002 2.67e-001 4.12e-004 2.68e-004 1.39e-003 2.43e+002 4.38e-005 4.29e-005 6.47e-005 7.59e-005 6.74e-004 1.68e-002 2.50e-002 5.29e-004 8.12e-002 9.33e-003 1.12e-002 1.54e+002 
2.07e+000 0.00e+000 5.32e-002 3.33e-002 3.39e-002 2.37e-001 3.75e-004 2.68e-004 1.39e-003 2.30e+002 4.35e-005 4.29e-005 6.55e-005 7.64e-005 6.74e-004 1.55e-002 2.53e-002 5.29e-004 5.31e-002 9.33e-003 1.18e-002 1.46e+002 
2.05e+000 1.37e-004 6.86e-002 3.76e-002 3.95e-002 2.59e-001 3.94e-004 3.38e-004 1.28e-003 2.26e+002 4.36e-005 4.30e-005 7.17e-005 8.33e-005 6.70e-004 1.55e-002 2.55e-002 4.01e-004 4.83e-002 8.68e-003 1.18e-002 1.46e+002 
2.07e+000 0.00e+000 5.73e-002 2.27e-002 3.52e-002 2.67e-001 4.12e-004 2.68e-004 1.44e-003 2.43e+002 4.38e-005 4.03e-005 6.42e-005 7.59e-005 6.77e-004 1.68e-002 2.66e-002 5.07e-004 8.12e-002 9.37e-003 1.12e-002 1.52e+002 
2.07e+000 0.00e+000 4.95e-002 2.27e-002 4.02e-002 2.67e-001 3.96e-004 2.68e-004 1.32e-003 2.43e+002 4.38e-005 4.31e-005 6.47e-005 7.36e-005 5.50e-004 1.72e-002 2.50e-002 5.29e-004 8.12e-002 9.33e-003 1.12e-002 1.54e+002 
2.03e+000 6.64e-004 9.21e-002 3.57e-002 3.69e-002 2.78e-001 5.78e-004 2.16e-004 9.07e-004 2.43e+002 4.32e-005 4.33e-005 6.91e-005 7.95e-005 4.61e-004 2.03e-002 2.54e-002 5.65e-004 2.84e-002 9.43e-003 1.49e-002 7.76e+001 
1.89e+000 4.03e-004 1.44e-001 2.34e-002 3.54e-002 2.67e-001 5.65e-004 2.64e-003 9.12e-004 2.37e+002 4.21e-005 4.46e-005 4.97e-005 8.11e-005 5.53e-004 2.32e-002 3.00e-002 4.48e-004 2.89e-002 9.40e-003 2.38e-002 5.56e+001 
1.94e+000 2.26e-006 1.44e-001 2.34e-002 3.56e-002 2.78e-001 5.65e-004 2.64e-003 9.12e-004 2.37e+002 4.24e-005 4.46e-005 4.95e-005 8.10e-005 5.53e-004 2.32e-002 3.00e-002 4.48e-004 2.67e-002 9.40e-003 2.38e-002 5.56e+001 
2.07e+000 0.00e+000 5.76e-002 2.27e-002 3.52e-002 2.67e-001 4.12e-004 2.68e-004 1.41e-003 2.43e+002 4.38e-005 4.29e-005 6.47e-005 7.59e-005 6.74e-004 1.68e-002 2.50e-002 5.29e-004 8.12e-002 9.33e-003 1.12e-002 1.54e+002 
2.05e+000 1.37e-004 6.89e-002 3.76e-002 3.95e-002 2.59e-001 3.94e-004 3.38e-004 1.28e-003 2.26e+002 4.36e-005 4.30e-005 7.17e-005 8.33e-005 6.70e-004 1.55e-002 2.55e-002 4.01e-004 4.83e-002 8.68e-003 1.18e-002 1.46e+002 
1.94e+000 2.26e-006 1.44e-001 2.34e-002 3.56e-002 2.78e-001 5.65e-004 2.64e-003 9.12e-004 2.37e+002 4.24e-005 4.46e-005 4.94e-005 8.11e-005 5.53e-004 2.32e-002 3.00e-002 4.49e-004 2.67e-002 9.40e-003 2.38e-002 5.56e+001 
2.07e+000 0.00e+000 5.73e-002 2.46e-002 3.52e-002 2.67e-001 4.12e-004 2.73e-004 1.39e-003 2.30e+002 4.35e-005 4.29e-005 6.47e-005 7.63e-005 6.74e-004 1.68e-002 2.67e-002 5.29e-004 5.66e-002 9.32e-003 1.18e-002 1.46e+002 
2.07e+000 0.00e+000 5.73e-002 2.27e-002 3.52e-002 2.67e-001 4.12e-004 2.70e-004 1.39e-003 2.43e+002 4.38e-005 4.29e-005 6.47e-005 7.59e-005 6.74e-004 1.68e-002 2.50e-002 5.29e-004 8.12e-002 9.33e-003 1.12e-002 1.54e+002 
2.05e+000 1.39e-004 6.86e-002 3.76e-002 3.96e-002 2.59e-001 3.94e-004 3.38e-004 1.28e-003 2.26e+002 4.35e-005 4.30e-005 7.17e-005 8.33e-005 6.70e-004 1.55e-002 2.55e-002 4.01e-004 4.84e-002 8.68e-003 1.18e-002 1.46e+002 
2.07e+000 0.00e+000 5.73e-002 2.27e-002 3.52e-002 2.67e-001 4.12e-004 2.68e-004 1.44e-003 2.43e+002 4.38e-005 4.03e-005 6.42e-005 7.59e-005 6.77e-004 1.68e-002 2.66e-002 5.07e-004 8.12e-002 9.37e-003 1.12e-002 1.52e+002 
2.19e+000 4.69e-004 4.95e-002 2.28e-002 3.31e-002 4.99e-001 7.06e-004 4.11e-003 7.93e-004 2.59e+002 2.39e-005 2.84e-005 6.96e-005 8.35e-005 8.04e-004 2.87e-002 8.73e-003 2.70e-003 1.57e-002 9.53e-003 2.22e-003 3.24e+001 
2.11e+000 2.36e-003 2.15e-002 2.81e-002 4.02e-002 8.01e-001 9.60e-004 8.56e-003 5.00e-004 3.85e+002 2.93e-005 4.91e-005 8.00e-005 6.55e-005 9.11e-004 3.64e-002 1.06e-002 5.20e-004 7.78e-002 3.01e-003 1.90e-002 9.48e+001 
2.08e+000 0.00e+000 5.73e-002 1.64e-003 3.52e-002 2.67e-001 4.59e-004 2.68e-004 1.39e-003 2.30e+002 4.21e-005 4.06e-005 6.47e-005 7.55e-005 5.50e-004 1.59e-002 2.23e-002 5.40e-004 5.66e-002 9.33e-003 1.41e-002 7.42e+001 
2.07e+000 0.00e+000 5.73e-002 2.70e-002 3.52e-002 3.22e-001 4.35e-004 3.03e-003 1.39e-003 2.30e+002 4.21e-005 4.06e-005 6.87e-005 5.98e-005 5.50e-004 1.59e-002 1.78e-002 5.40e-004 5.66e-002 4.51e-003 1.41e-002 7.42e+001 
2.31e+000 1.01e-003 1.71e-001 3.75e-002 5.00e-002 6.11e-001 4.59e-004 6.03e-003 7.50e-004 3.17e+002 2.44e-005 3.39e-005 9.89e-005 6.95e-005 2.80e-004 4.00e-002 7.24e-003 0.00e+000 1.36e-001 2.86e-003 8.89e-003 7.86e+001 
1.94e+000 2.26e-006 1.44e-001 2.34e-002 3.56e-002 2.80e-001 5.65e-004 2.64e-003 9.12e-004 2.37e+002 4.24e-005 4.46e-005 4.94e-005 8.11e-005 5.53e-004 2.32e-002 3.00e-002 4.48e-004 2.67e-002 9.40e-003 2.38e-002 5.56e+001 
2.07e+000 0.00e+000 5.73e-002 2.46e-002 3.52e-002 2.67e-001 4.12e-004 2.68e-004 1.39e-003 2.30e+002 4.35e-005 4.29e-005 6.47e-005 7.63e-005 6.74e-004 1.68e-002 2.67e-002 5.30e-004 5.66e-002 9.33e-003 1.18e-002 1.46e+002 
2.07e+000 0.00e+000 5.73e-002 2.27e-002 3.52e-002 2.67e-001 4.12e-004 2.68e-004 1.39e-003 2.43e+002 4.38e-005 4.29e-005 6.47e-005 7.59e-005 6.74e-004 1.68e-002 2.50e-002 5.29e-004 8.12e-002 9.33e-003 1.12e-002 1.54e+002 
2.07e+000 0.00e+000 5.32e-002 3.33e-002 3.39e-002 2.37e-001 3.75e-004 2.69e-004 1.39e-003 2.30e+002 4.35e-005 4.29e-005 6.55e-005 7.64e-005 6.74e-004 1.55e-002 2.53e-002 5.29e-004 5.31e-002 9.33e-003 1.18e-002 1.46e+002 
2.05e+000 1.37e-004 6.86e-002 3.76e-002 3.95e-002 2.59e-001 3.94e-004 3.38e-004 1.28e-003 2.26e+002 4.36e-005 4.30e-005 7.17e-005 8.33e-005 6.70e-004 1.55e-002 2.55e-002 4.01e-004 4.83e-002 8.68e-003 1.18e-002 1.46e+002 
2.07e+000 0.00e+000 5.74e-002 2.27e-002 3.52e-002 2.67e-001 4.12e-004 2.68e-004 1.44e-003 2.43e+002 4.38e-005 4.03e-005 6.42e-005 7.59e-005 6.77e-004 1.68e-002 2.66e-002 5.07e-004 8.12e-002 9.37e-003 1.12e-002 1.52e+002 
2.07e+000 0.00e+000 4.95e-002 2.27e-002 4.02e-002 2.67e-001 3.96e-004 2.68e-004 1.32e-003 2.43e+002 4.38e-005 4.31e-005 6.47e-005 7.36e-005 5.50e-004 1.72e-002 2.50e-002 5.29e-004 8.12e-002 9.33e-003 1.12e-002 1.54e+002 
2.19e+000 4.69e-004 4.95e-002 2.28e-002 3.31e-002 4.99e-001 7.06e-004 4.11e-003 7.93e-004 2.59e+002 2.39e-005 2.84e-005 6.96e-005 8.35e-005 8.04e-004 2.87e-002 8.73e-003 2.70e-003 1.57e-002 9.53e-003 2.22e-003 3.24e+001 
1.95e+000 1.50e-003 3.05e-002 8.03e-002 9.99e-002 5.88e-001 4.53e-004 2.28e-003 5.00e-004 2.39e+002 2.38e-005 3.93e-005 8.58e-005 7.49e-005 2.85e-004 3.21e-002 3.46e-002 5.59e-004 2.93e-003 6.67e-003 3.37e-002 1.52e+002 
2.32e+000 5.89e-003 9.31e-002 7.40e-002 3.02e-002 5.76e-001 5.63e-004 7.11e-003 5.00e-004 3.95e+002 4.56e-005 2.75e-005 7.74e-005 8.40e-005 1.86e-004 1.03e-002 1.42e-002 1.30e-003 1.36e-001 8.22e-003 7.38e-003 1.43e+002 
2.04e+000 2.21e-003 9.24e-003 2.41e-002 4.80e-002 6.33e-001 8.02e-004 5.02e-003 8.58e-004 2.12e+002 4.03e-005 3.02e-005 5.03e-005 8.07e-005 1.00e-003 4.00e-002 3.36e-002 3.45e-004 1.65e-002 1.48e-003 1.09e-002 3.28e+001 
1.80e+000 1.32e-003 1.10e-001 4.60e-002 3.28e-002 6.12e-001 7.57e-004 2.33e-003 1.10e-003 2.28e+002 4.00e-005 3.06e-005 4.79e-005 9.05e-005 7.57e-004 3.85e-002 3.06e-002 0.00e+000 3.92e-002 2.88e-003 1.93e-002 6.00e+001 
2.04e+000 2.14e-003 9.04e-003 2.09e-002 4.80e-002 6.33e-001 8.02e-004 5.02e-003 8.41e-004 2.24e+002 4.03e-005 3.09e-005 5.05e-005 8.07e-005 1.00e-003 4.00e-002 3.23e-002 3.45e-004 1.65e-002 1.48e-003 1.05e-002 3.28e+001 
2.04e+000 2.21e-003 9.18e-003 2.41e-002 4.80e-002 6.30e-001 8.00e-004 5.02e-003 8.55e-004 2.13e+002 4.04e-005 3.02e-005 5.11e-005 8.08e-005 1.00e-003 4.00e-002 3.36e-002 3.59e-004 1.65e-002 1.47e-003 1.09e-002 3.28e+001 
2.04e+000 2.21e-003 1.14e-002 2.51e-002 4.80e-002 6.33e-001 8.02e-004 5.02e-003 8.58e-004 2.28e+002 4.03e-005 3.02e-005 5.06e-005 8.07e-005 1.00e-003 4.00e-002 3.36e-002 3.45e-004 1.69e-002 1.48e-003 1.09e-002 3.28e+001 
2.04e+000 2.20e-003 9.24e-003 1.96e-002 3.63e-002 5.94e-001 8.02e-004 4.82e-003 8.58e-004 2.12e+002 4.03e-005 3.05e-005 5.05e-005 8.07e-005 1.00e-003 4.00e-002 3.34e-002 3.45e-004 1.63e-002 1.48e-003 1.09e-002 3.34e+001 
2.04e+000 2.21e-003 9.24e-003 2.41e-002 4.74e-002 6.37e-001 8.02e-004 5.02e-003 8.56e-004 2.12e+002 4.03e-005 3.02e-005 5.03e-005 8.05e-005 1.00e-003 4.00e-002 3.36e-002 3.44e-004 1.65e-002 1.52e-003 1.08e-002 3.28e+001 
1.87e+000 1.45e-003 0.00e+000 7.65e-002 9.62e-002 5.80e-001 2.74e-004 2.60e-003 5.00e-004 2.89e+002 2.51e-005 4.30e-005 8.05e-005 7.05e-005 3.83e-004 3.17e-002 4.00e-002 4.77e-004 3.80e-004 6.60e-003 5.00e-002 1.46e+002 
1.98e+000 6.54e-004 4.14e-002 8.43e-003 6.94e-002 3.83e-001 4.02e-004 6.58e-003 8.09e-004 2.86e+002 4.00e-005 2.61e-005 6.41e-005 6.96e-005 8.17e-004 1.42e-002 2.83e-002 2.15e-004 1.22e-001 4.76e-003 4.06e-003 1.06e+002 
1.97e+000 6.54e-004 4.04e-002 8.43e-003 6.87e-002 3.83e-001 4.02e-004 6.60e-003 8.09e-004 3.02e+002 4.00e-005 2.61e-005 6.41e-005 6.96e-005 8.17e-004 1.42e-002 2.83e-002 2.15e-004 1.22e-001 4.76e-003 4.06e-003 1.03e+002 
1.97e+000 6.54e-004 4.04e-002 8.43e-003 6.87e-002 3.83e-001 4.02e-004 6.60e-003 8.09e-004 3.02e+002 4.00e-005 2.61e-005 6.41e-005 6.96e-005 8.17e-004 1.42e-002 2.83e-002 2.15e-004 1.22e-001 4.76e-003 4.06e-003 1.03e+002 
