1.79 2.53 0.65 1.93 2.91 1.84 1.54 2.75 
1.70 2.46 0.65 1.94 2.92 1.84 1.44 2.77 
1.79 1.10 1.11 1.02 2.91 1.59 1.50 2.04 
1.70 2.24 1.74 1.93 2.91 1.84 1.45 2.72 
1.79 1.10 1.11 1.02 2.91 1.59 1.50 2.04 
2.68 2.24 0.17 1.05 2.59 1.75 2.60 2.49 
2.68 2.09 1.72 0.89 2.59 1.20 1.66 1.84 
2.27 2.01 1.25 1.01 2.92 1.32 1.90 1.96 
2.93 1.89 0.60 1.05 2.18 1.59 2.15 2.36 
2.84 1.80 2.71 1.34 2.72 1.28 2.11 1.90 
1.79 2.16 1.49 0.90 2.52 1.17 1.97 1.85 
2.68 2.24 1.65 0.90 2.54 1.17 1.83 1.84 
1.14 2.20 1.31 0.91 2.55 0.97 2.49 1.74 
0.89 2.17 1.74 0.93 2.18 1.14 2.26 1.81 
2.68 2.24 1.64 0.90 2.56 1.19 1.61 1.83 
1.79 2.25 1.30 0.89 2.61 1.09 2.14 1.82 
1.79 2.01 1.97 0.92 2.43 1.08 2.16 1.80 
2.27 1.84 2.86 1.29 2.78 1.16 2.25 1.85 
2.84 1.79 2.71 1.34 2.71 1.28 2.11 1.90 
2.68 2.27 1.68 0.90 2.55 1.18 1.69 1.83 
0.89 2.17 1.75 0.93 2.18 1.13 2.27 1.80 
2.84 1.81 2.72 1.34 2.72 1.29 2.10 1.91 
1.79 2.18 1.49 0.90 2.52 1.17 1.96 1.85 
2.68 2.24 1.65 0.90 2.55 1.17 1.80 1.85 
0.89 2.19 1.74 0.93 2.18 1.14 2.25 1.80 
2.68 2.24 1.65 0.90 2.56 1.19 1.64 1.84 
1.79 1.46 0.74 0.89 2.30 1.47 1.55 2.17 
2.68 2.24 0.17 1.05 2.59 1.75 2.60 2.51 
2.68 2.08 1.70 0.89 2.59 1.21 1.63 1.86 
2.27 2.01 1.26 1.01 2.92 1.32 1.87 1.95 
2.93 1.88 0.59 1.05 2.18 1.59 2.15 2.36 
2.84 1.81 2.70 1.34 2.72 1.29 2.11 1.91 
1.79 2.15 1.49 0.90 2.52 1.18 1.95 1.85 
2.68 2.26 1.66 0.91 2.54 1.16 1.75 1.84 
1.14 2.19 1.31 0.91 2.55 0.97 2.58 1.74 
0.89 2.19 1.74 0.93 2.18 1.13 2.32 1.81 
2.68 2.26 1.65 0.90 2.56 1.20 1.65 1.84 
1.79 2.25 1.30 0.89 2.60 1.09 2.15 1.83 
1.79 1.46 0.74 0.89 2.30 1.47 1.55 2.17 
2.93 2.01 1.01 1.42 1.98 1.47 1.45 2.20 
1.14 2.24 1.92 1.79 2.72 1.80 2.95 1.98 
1.70 1.53 1.42 0.95 2.94 1.34 2.40 2.20 
1.14 1.89 1.19 1.91 2.53 1.29 2.03 2.24 
1.70 1.49 1.43 0.96 2.94 1.32 2.23 2.20 
1.70 1.53 1.43 0.94 2.93 1.33 2.42 2.21 
1.79 1.55 1.42 0.95 2.94 1.35 2.14 2.21 
2.84 2.94 1.46 0.88 2.99 1.19 2.94 2.17 
2.27 1.46 1.42 0.95 2.94 1.34 2.46 2.22 
2.48 2.24 0.65 1.61 2.10 1.41 1.68 2.18 
1.70 1.85 0.99 1.23 2.72 1.42 1.74 2.04 
1.14 1.83 0.95 1.27 2.73 1.41 1.64 2.01 
1.14 1.83 0.95 1.27 2.73 1.41 1.64 2.01 
