0.89 2.20 2.60 1.79 1.79 1.41 2.53 2.27 
1.14 2.04 1.24 1.36 2.72 1.53 1.60 2.17 
1.79 2.43 2.41 1.63 1.84 0.97 2.15 2.01 
1.79 2.90 1.78 1.15 2.19 1.10 2.45 2.05 
2.93 2.61 1.22 0.98 1.60 1.38 2.43 2.20 
2.68 2.18 1.13 1.35 2.11 1.19 2.54 2.03 
2.68 1.74 2.17 1.82 2.97 1.17 1.95 2.12 
2.27 1.48 2.25 1.84 2.64 1.26 2.22 2.17 
1.14 2.67 1.57 0.99 2.54 1.08 2.91 2.03 
1.79 1.77 1.54 1.97 1.65 1.22 1.95 2.26 
1.14 2.61 1.59 0.96 2.51 1.12 2.88 2.05 
0.89 2.29 1.64 1.16 2.25 1.04 2.92 2.05 
2.68 1.78 1.28 1.50 2.13 1.31 2.18 2.03 
1.70 2.07 1.74 1.67 2.61 1.38 1.64 2.23 
2.84 1.30 2.18 1.83 2.92 1.31 2.14 2.19 
2.84 2.18 1.91 1.74 2.94 1.58 1.83 1.99 
2.27 2.36 2.08 1.53 2.16 1.05 2.80 2.00 
1.79 2.23 1.83 0.93 2.49 1.22 2.13 2.06 
2.68 2.92 1.41 0.90 2.48 1.37 2.67 2.12 
2.93 2.32 1.43 1.56 1.60 1.39 1.60 2.24 
1.79 1.67 2.08 1.82 2.96 1.15 2.16 2.11 
1.14 2.29 2.09 1.53 2.15 1.23 2.40 1.98 
1.79 2.85 1.80 1.08 2.21 1.13 2.36 2.06 
2.93 2.64 1.20 1.00 1.59 1.37 2.46 2.20 
2.27 1.48 2.24 1.85 2.64 1.26 2.24 2.17 
2.68 1.74 2.17 1.82 2.97 1.18 1.97 2.13 
1.79 2.90 1.78 1.16 2.19 1.11 2.46 2.05 
2.68 1.96 1.16 1.35 2.11 1.19 2.47 2.04 
2.68 1.74 2.17 1.82 2.97 1.17 1.95 2.12 
1.70 1.60 2.32 1.84 2.64 1.27 2.02 2.17 
1.14 2.63 1.58 1.00 2.54 1.08 2.91 2.03 
1.79 1.78 1.54 1.97 1.65 1.22 1.91 2.25 
1.14 2.61 1.59 0.96 2.51 1.13 2.88 2.05 
0.89 2.30 1.65 1.16 2.25 1.04 2.88 2.06 
2.68 1.77 1.28 1.50 2.13 1.31 2.20 2.03 
1.70 2.07 1.73 1.66 2.61 1.39 1.66 2.22 
2.84 1.29 2.18 1.83 2.92 1.31 2.12 2.18 
0.89 2.19 2.60 1.79 1.79 1.42 2.55 2.25 
1.14 2.05 1.24 1.36 2.72 1.53 1.56 2.17 
1.79 2.43 2.41 1.63 1.84 0.97 2.19 2.01 
2.27 1.61 2.58 1.56 2.69 1.58 2.59 1.98 
1.79 2.90 1.77 1.15 2.19 1.10 2.47 2.07 
2.93 2.60 1.22 0.98 1.60 1.38 2.43 2.20 
2.68 1.98 1.16 1.35 2.11 1.20 2.49 2.02 
2.68 1.75 2.17 1.82 2.97 1.18 1.95 2.12 
2.27 1.48 2.25 1.85 2.64 1.26 2.23 2.18 
1.14 2.67 1.57 0.99 2.54 1.08 2.94 2.03 
1.79 1.77 1.55 1.97 1.65 1.22 1.95 2.27 
1.14 2.44 1.65 0.96 2.51 1.14 2.65 2.05 
0.89 2.29 1.64 1.16 2.25 1.04 2.91 2.06 
2.68 1.78 1.28 1.50 2.13 1.31 2.18 2.03 
1.70 2.08 1.74 1.67 2.61 1.38 1.61 2.23 
2.27 1.26 2.21 1.83 2.92 1.32 2.02 2.18 
0.89 1.52 0.95 1.39 1.92 1.19 2.03 2.18 
2.84 1.63 2.78 1.48 2.68 1.38 2.24 2.01 
2.68 2.28 2.64 1.46 2.63 1.14 2.65 1.91 
2.27 1.56 1.14 0.97 2.95 1.60 1.61 2.24 
2.68 1.78 2.15 1.20 2.30 1.65 1.61 2.19 
2.68 2.26 2.58 1.87 1.82 0.83 2.85 1.91 
2.84 2.36 0.94 0.97 2.94 1.62 1.58 2.25 
2.27 2.10 1.80 1.72 2.84 1.45 2.34 1.91 
2.27 2.07 1.26 1.00 2.40 1.34 2.55 2.06 
1.35 2.83 1.50 0.90 2.16 1.93 1.88 2.28 
2.84 2.07 1.23 1.00 2.48 1.33 2.59 2.06 
2.27 1.40 1.91 1.99 2.47 1.33 2.40 2.19 
2.68 2.28 2.64 1.46 2.63 1.14 2.65 1.92 
2.84 1.58 1.15 0.90 2.99 1.62 1.59 2.23 
1.70 2.17 2.09 1.70 2.86 1.56 1.98 1.93 
2.27 2.09 1.30 1.01 2.40 1.34 2.53 2.06 
1.14 1.35 0.88 1.27 2.31 1.56 1.68 2.17 
1.79 2.86 1.37 0.98 2.36 1.85 1.65 2.29 
2.27 1.83 2.88 1.50 2.67 1.43 2.62 2.01 
2.84 1.86 1.61 1.31 2.60 1.45 2.01 2.09 
2.68 2.36 2.65 1.81 1.83 0.85 2.74 1.92 
2.68 2.11 1.11 1.04 2.93 1.57 1.78 2.19 
2.84 2.06 1.22 1.00 2.52 1.34 2.57 2.06 
1.14 1.35 0.88 1.27 2.31 1.56 1.68 2.17 
