2.58e+000 3.51e-004 1.87e-001 2.35e-002 2.15e-002 6.23e-001 4.08e-004 1.22e-003 3.31e-003 1.79e+002 4.83e-005 3.60e-005 8.36e-005 8.78e-005 
3.11e+000 2.57e-003 0.00e+000 3.99e-003 7.62e-002 7.18e-001 9.70e-004 9.18e-003 5.62e-004 2.44e+002 2.00e-005 2.00e-005 9.96e-005 5.41e-005 
2.57e+000 0.00e+000 1.86e-001 3.51e-002 3.20e-002 4.13e-001 5.20e-004 0.00e+000 1.97e-003 1.76e+002 4.16e-005 3.05e-005 1.00e-004 7.11e-005 
2.58e+000 2.29e-003 1.53e-001 3.90e-002 8.89e-002 5.78e-001 9.07e-004 2.05e-003 6.39e-004 2.11e+002 4.90e-005 2.08e-005 6.94e-005 9.22e-005 
2.61e+000 4.59e-003 5.18e-002 2.05e-002 6.52e-002 8.26e-001 1.00e-003 6.28e-003 6.42e-004 1.67e+002 4.55e-005 2.00e-005 9.07e-005 9.82e-005 
2.94e+000 3.19e-003 6.54e-002 1.91e-002 9.49e-002 5.93e-001 7.81e-004 4.40e-003 6.39e-004 2.11e+002 3.35e-005 4.19e-005 7.92e-005 9.36e-005 
2.37e+000 1.67e-003 2.74e-001 2.97e-002 7.34e-002 5.58e-001 7.43e-004 9.70e-003 6.77e-004 2.85e+002 2.52e-005 2.84e-005 8.41e-005 4.78e-005 
2.45e+000 1.04e-003 2.68e-001 1.39e-002 7.58e-002 5.69e-001 7.02e-004 9.54e-003 6.24e-004 2.85e+002 3.33e-005 3.08e-005 8.24e-005 5.83e-005 
2.70e+000 3.34e-003 1.50e-001 4.46e-002 8.50e-002 5.94e-001 1.00e-003 3.52e-003 5.31e-004 2.07e+002 5.00e-005 2.09e-005 6.29e-005 9.38e-005 
2.53e+000 3.37e-004 7.64e-002 1.11e-003 1.19e-002 6.72e-001 5.77e-004 7.25e-004 3.19e-003 1.78e+002 4.91e-005 2.70e-005 7.68e-005 1.00e-004 
2.70e+000 3.12e-003 1.50e-001 4.46e-002 8.50e-002 5.94e-001 1.00e-003 3.52e-003 5.31e-004 2.07e+002 5.00e-005 2.29e-005 6.29e-005 9.38e-005 
2.58e+000 2.29e-003 1.53e-001 5.96e-002 7.33e-002 5.78e-001 9.07e-004 3.39e-003 6.33e-004 2.11e+002 4.92e-005 2.07e-005 6.94e-005 9.15e-005 
3.05e+000 3.19e-003 6.54e-002 1.91e-002 9.55e-002 5.90e-001 8.03e-004 4.40e-003 6.36e-004 2.11e+002 3.22e-005 4.19e-005 8.00e-005 9.36e-005 
2.58e+000 3.51e-004 1.19e-001 2.55e-004 2.15e-002 6.23e-001 4.08e-004 1.51e-003 3.67e-003 1.79e+002 4.49e-005 2.57e-005 6.33e-005 7.73e-005 
2.45e+000 1.04e-003 2.95e-001 1.31e-002 7.92e-002 5.69e-001 7.02e-004 9.54e-003 6.24e-004 2.85e+002 3.27e-005 3.24e-005 7.07e-005 5.83e-005 
3.23e+000 2.21e-003 1.80e-001 3.25e-002 8.68e-002 4.87e-001 8.75e-004 2.29e-003 5.89e-004 2.00e+002 4.56e-005 3.53e-005 6.82e-005 7.53e-005 
2.57e+000 0.00e+000 1.66e-001 3.48e-002 2.88e-002 4.13e-001 6.08e-004 0.00e+000 1.97e-003 1.40e+002 4.16e-005 3.11e-005 8.54e-005 7.13e-005 
2.70e+000 2.93e-003 1.51e-001 4.46e-002 8.50e-002 5.94e-001 1.00e-003 3.52e-003 5.99e-004 2.07e+002 5.00e-005 2.29e-005 6.29e-005 9.38e-005 
2.70e+000 3.34e-003 1.36e-001 4.46e-002 8.50e-002 6.78e-001 1.00e-003 3.52e-003 5.29e-004 2.06e+002 4.98e-005 2.09e-005 6.29e-005 9.38e-005 
2.58e+000 1.60e-003 6.21e-002 5.86e-002 5.47e-003 7.52e-001 7.75e-004 1.83e-003 2.97e-003 1.79e+002 4.55e-005 2.37e-005 9.00e-005 9.61e-005 
2.37e+000 1.67e-003 2.69e-001 2.97e-002 6.76e-002 5.58e-001 7.43e-004 9.70e-003 6.77e-004 2.85e+002 2.52e-005 2.85e-005 8.51e-005 4.78e-005 
2.57e+000 0.00e+000 1.32e-001 3.78e-002 2.88e-002 4.13e-001 5.60e-004 0.00e+000 2.37e-003 1.40e+002 4.18e-005 3.05e-005 8.53e-005 7.19e-005 
2.61e+000 2.36e-003 1.53e-001 3.93e-002 8.93e-002 5.78e-001 9.07e-004 2.05e-003 6.39e-004 2.11e+002 4.90e-005 2.08e-005 6.95e-005 9.22e-005 
2.60e+000 4.59e-003 5.18e-002 2.05e-002 6.52e-002 8.27e-001 1.00e-003 6.28e-003 6.42e-004 1.67e+002 4.55e-005 2.00e-005 9.07e-005 9.82e-005 
2.45e+000 1.04e-003 2.68e-001 1.39e-002 7.58e-002 5.70e-001 7.02e-004 9.54e-003 6.24e-004 2.85e+002 3.33e-005 3.08e-005 8.24e-005 5.83e-005 
2.37e+000 1.67e-003 2.74e-001 2.98e-002 7.34e-002 5.58e-001 7.43e-004 9.70e-003 6.77e-004 2.85e+002 2.52e-005 2.84e-005 8.41e-005 4.78e-005 
2.58e+000 2.29e-003 1.53e-001 3.90e-002 8.89e-002 5.78e-001 9.07e-004 2.06e-003 6.39e-004 2.11e+002 4.90e-005 2.08e-005 6.94e-005 9.22e-005 
2.94e+000 3.19e-003 6.54e-002 1.91e-002 9.49e-002 5.93e-001 7.81e-004 4.40e-003 6.50e-004 2.11e+002 3.35e-005 4.19e-005 7.92e-005 9.36e-005 
2.37e+000 1.67e-003 2.74e-001 2.97e-002 7.34e-002 5.58e-001 7.43e-004 9.70e-003 6.77e-004 2.85e+002 2.52e-005 2.84e-005 8.41e-005 4.78e-005 
2.45e+000 1.04e-003 2.69e-001 1.39e-002 7.58e-002 5.69e-001 7.02e-004 9.54e-003 6.53e-004 2.85e+002 3.33e-005 3.08e-005 8.23e-005 5.83e-005 
2.70e+000 3.33e-003 1.50e-001 4.46e-002 8.50e-002 5.94e-001 1.00e-003 3.52e-003 5.34e-004 2.07e+002 5.00e-005 2.09e-005 6.29e-005 9.38e-005 
2.53e+000 3.45e-004 7.64e-002 1.15e-003 1.19e-002 6.72e-001 5.77e-004 7.25e-004 3.19e-003 1.78e+002 4.91e-005 2.70e-005 7.68e-005 1.00e-004 
2.70e+000 3.12e-003 1.50e-001 4.46e-002 8.50e-002 5.94e-001 1.00e-003 3.52e-003 5.31e-004 2.07e+002 5.00e-005 2.29e-005 6.29e-005 9.38e-005 
2.58e+000 2.29e-003 1.53e-001 5.95e-002 7.33e-002 5.77e-001 9.07e-004 3.39e-003 6.37e-004 2.11e+002 4.92e-005 2.07e-005 6.94e-005 9.15e-005 
3.05e+000 3.19e-003 6.54e-002 1.91e-002 9.55e-002 5.90e-001 8.03e-004 4.40e-003 6.36e-004 2.11e+002 3.22e-005 4.19e-005 8.00e-005 9.36e-005 
2.58e+000 3.51e-004 1.19e-001 2.87e-004 2.15e-002 6.23e-001 4.08e-004 1.51e-003 3.67e-003 1.79e+002 4.49e-005 2.57e-005 6.33e-005 7.73e-005 
2.45e+000 1.04e-003 2.95e-001 1.31e-002 7.92e-002 5.70e-001 7.02e-004 9.54e-003 6.24e-004 2.85e+002 3.27e-005 3.24e-005 7.07e-005 5.83e-005 
2.58e+000 3.51e-004 1.87e-001 2.35e-002 2.15e-002 6.23e-001 4.08e-004 1.22e-003 3.31e-003 1.79e+002 4.83e-005 3.60e-005 8.36e-005 8.78e-005 
3.11e+000 2.57e-003 0.00e+000 3.99e-003 7.62e-002 7.18e-001 9.70e-004 9.18e-003 5.62e-004 2.45e+002 2.00e-005 2.00e-005 9.96e-005 5.41e-005 
2.57e+000 0.00e+000 1.86e-001 3.51e-002 3.20e-002 4.13e-001 5.20e-004 0.00e+000 1.97e-003 1.76e+002 4.16e-005 3.05e-005 1.00e-004 7.11e-005 
3.01e+000 3.79e-003 3.01e-001 5.56e-002 3.94e-002 4.71e-001 1.45e-004 8.08e-003 1.20e-003 4.80e+002 2.00e-005 3.70e-005 8.40e-005 8.05e-005 
2.58e+000 2.29e-003 1.53e-001 3.90e-002 8.89e-002 5.78e-001 9.07e-004 2.06e-003 6.39e-004 2.11e+002 4.90e-005 2.08e-005 6.94e-005 9.22e-005 
2.61e+000 4.59e-003 5.18e-002 2.05e-002 6.53e-002 8.26e-001 1.00e-003 6.28e-003 6.42e-004 1.67e+002 4.55e-005 2.00e-005 9.07e-005 9.82e-005 
2.94e+000 3.19e-003 6.54e-002 1.91e-002 9.49e-002 5.93e-001 7.81e-004 4.40e-003 6.49e-004 2.11e+002 3.35e-005 4.20e-005 7.92e-005 9.36e-005 
2.37e+000 1.67e-003 2.74e-001 2.97e-002 7.34e-002 5.58e-001 7.43e-004 9.70e-003 6.77e-004 2.85e+002 2.52e-005 2.84e-005 8.41e-005 4.78e-005 
2.45e+000 1.04e-003 2.68e-001 1.39e-002 7.58e-002 5.69e-001 7.02e-004 9.54e-003 6.24e-004 2.85e+002 3.33e-005 3.08e-005 8.24e-005 5.83e-005 
2.70e+000 3.34e-003 1.50e-001 4.46e-002 8.50e-002 5.94e-001 1.00e-003 3.52e-003 5.31e-004 2.07e+002 5.00e-005 2.09e-005 6.29e-005 9.38e-005 
2.53e+000 3.37e-004 7.65e-002 1.11e-003 1.19e-002 6.72e-001 5.77e-004 7.25e-004 3.19e-003 1.78e+002 4.91e-005 2.70e-005 7.68e-005 1.00e-004 
2.70e+000 3.12e-003 1.50e-001 4.46e-002 8.50e-002 5.94e-001 1.00e-003 3.52e-003 5.52e-004 2.07e+002 5.00e-005 2.29e-005 6.29e-005 9.38e-005 
2.58e+000 2.29e-003 1.53e-001 5.96e-002 7.33e-002 5.78e-001 9.07e-004 3.39e-003 6.33e-004 2.11e+002 4.92e-005 2.07e-005 6.94e-005 9.15e-005 
3.05e+000 3.19e-003 6.54e-002 1.91e-002 9.55e-002 5.90e-001 8.03e-004 4.40e-003 6.36e-004 2.11e+002 3.22e-005 4.19e-005 8.00e-005 9.36e-005 
2.58e+000 3.51e-004 1.19e-001 2.55e-004 2.15e-002 6.23e-001 4.08e-004 1.51e-003 3.67e-003 1.79e+002 4.49e-005 2.57e-005 6.33e-005 7.73e-005 
2.45e+000 1.04e-003 2.95e-001 1.31e-002 7.92e-002 5.69e-001 7.02e-004 9.54e-003 6.39e-004 2.85e+002 3.27e-005 3.24e-005 7.07e-005 5.83e-005 
2.80e+000 0.00e+000 4.31e-002 8.95e-002 1.82e-002 6.19e-001 3.89e-004 2.50e-003 2.75e-003 2.25e+002 2.85e-005 2.54e-005 8.86e-005 8.28e-005 
2.55e+000 2.78e-004 4.02e-001 7.57e-002 2.09e-002 3.54e-001 4.96e-004 3.17e-003 1.70e-003 2.30e+002 3.80e-005 4.77e-005 7.67e-005 6.57e-005 
2.46e+000 1.14e-003 3.03e-001 6.23e-002 5.49e-002 3.72e-001 6.96e-004 6.55e-003 6.91e-004 2.70e+002 2.86e-005 2.70e-005 6.02e-005 8.85e-005 
2.80e+000 1.69e-003 7.38e-003 5.86e-002 2.43e-002 7.61e-001 5.22e-004 1.01e-003 2.92e-003 1.77e+002 4.31e-005 2.00e-005 4.85e-005 8.74e-005 
2.40e+000 6.41e-003 1.14e-001 5.69e-002 6.81e-002 9.20e-001 8.37e-004 3.45e-004 1.40e-003 1.40e+002 4.08e-005 3.63e-005 7.34e-005 9.23e-005 
2.46e+000 9.78e-005 2.42e-001 8.10e-002 3.09e-002 3.67e-001 6.97e-004 3.09e-003 9.84e-004 2.44e+002 3.66e-005 5.00e-005 8.52e-005 8.42e-005 
2.80e+000 1.69e-003 2.17e-002 5.86e-002 2.59e-002 7.61e-001 5.22e-004 1.91e-003 2.84e-003 1.68e+002 4.31e-005 2.00e-005 4.87e-005 8.74e-005 
3.19e+000 1.85e-003 8.98e-002 5.69e-002 8.95e-002 4.61e-001 9.37e-004 1.29e-003 7.98e-004 1.36e+002 2.17e-005 2.02e-005 9.62e-005 5.43e-005 
2.77e+000 2.23e-003 1.03e-001 6.47e-002 1.69e-002 5.76e-001 3.58e-004 1.40e-003 3.25e-003 1.84e+002 4.36e-005 4.88e-005 9.92e-005 6.32e-005 
2.57e+000 9.30e-003 4.01e-002 7.08e-002 9.96e-002 1.21e+000 7.09e-004 0.00e+000 1.46e-003 1.25e+002 4.40e-005 3.61e-005 7.57e-005 9.48e-005 
2.77e+000 2.16e-003 1.03e-001 5.88e-002 1.69e-002 5.69e-001 3.58e-004 1.40e-003 3.25e-003 1.84e+002 4.37e-005 4.88e-005 9.64e-005 6.32e-005 
2.35e+000 2.02e-003 2.55e-001 1.00e-001 1.18e-002 6.77e-001 2.23e-004 5.42e-003 2.90e-003 3.82e+002 2.55e-005 4.76e-005 8.77e-005 6.46e-005 
2.46e+000 1.14e-003 3.03e-001 6.29e-002 5.49e-002 3.72e-001 6.96e-004 6.55e-003 6.91e-004 2.70e+002 2.86e-005 2.70e-005 6.02e-005 8.85e-005 
2.84e+000 1.69e-003 7.12e-003 5.86e-002 2.37e-002 7.61e-001 5.22e-004 1.05e-003 2.92e-003 1.77e+002 4.30e-005 2.00e-005 4.85e-005 8.59e-005 
3.19e+000 1.68e-003 8.98e-002 5.69e-002 8.96e-002 4.61e-001 9.46e-004 1.29e-003 8.46e-004 1.36e+002 2.17e-005 2.02e-005 9.45e-005 5.43e-005 
2.77e+000 2.32e-003 1.06e-001 6.47e-002 1.69e-002 5.76e-001 3.58e-004 1.40e-003 3.25e-003 1.84e+002 4.36e-005 4.88e-005 9.92e-005 6.38e-005 
3.03e+000 1.69e-003 6.54e-003 0.00e+000 2.17e-002 6.58e-001 5.13e-004 1.01e-003 2.66e-003 1.73e+002 4.51e-005 2.59e-005 6.65e-005 9.88e-005 
2.51e+000 9.08e-003 4.78e-002 7.11e-002 1.00e-001 1.22e+000 7.06e-004 0.00e+000 1.46e-003 1.25e+002 4.39e-005 3.67e-005 7.33e-005 8.97e-005 
2.55e+000 2.78e-004 4.00e-001 7.57e-002 2.55e-002 3.54e-001 4.96e-004 3.17e-003 1.70e-003 2.30e+002 3.80e-005 4.77e-005 7.67e-005 6.59e-005 
3.13e+000 6.05e-004 7.70e-002 5.57e-002 9.77e-002 5.54e-001 9.61e-004 1.48e-003 8.15e-004 1.34e+002 2.06e-005 2.09e-005 9.79e-005 5.27e-005 
2.48e+000 9.78e-005 2.41e-001 8.10e-002 3.09e-002 3.67e-001 6.97e-004 3.81e-003 9.84e-004 2.44e+002 3.66e-005 5.00e-005 8.52e-005 8.36e-005 
2.73e+000 1.78e-003 9.26e-002 5.84e-002 3.33e-002 6.80e-001 4.71e-004 6.96e-004 2.61e-003 2.01e+002 4.28e-005 2.03e-005 4.74e-005 9.02e-005 
2.77e+000 2.23e-003 1.02e-001 6.43e-002 1.70e-002 5.75e-001 3.58e-004 1.49e-003 3.25e-003 1.84e+002 4.24e-005 4.88e-005 9.55e-005 6.32e-005 
3.03e+000 1.69e-003 6.54e-003 0.00e+000 2.17e-002 6.58e-001 5.13e-004 1.01e-003 2.66e-003 1.73e+002 4.51e-005 2.59e-005 6.65e-005 9.88e-005 
