2.68 2.15 0.93 0.87 2.93 1.63 1.42 2.12 
0.90 2.46 2.61 1.38 2.53 1.34 2.63 1.96 
1.70 2.43 1.08 1.88 2.39 1.16 2.43 2.08 
2.27 2.37 0.99 1.24 2.83 1.57 1.50 2.00 
2.68 1.32 0.90 0.95 2.74 1.51 1.60 2.05 
2.68 1.82 0.71 1.94 2.68 1.61 1.35 1.91 
2.68 1.81 1.17 1.37 2.52 1.60 1.54 2.00 
2.68 1.88 1.10 0.87 2.81 0.98 2.70 1.81 
1.70 1.33 0.87 2.00 2.94 1.64 1.46 1.93 
2.68 2.95 1.29 0.90 2.38 1.00 2.63 1.88 
1.70 1.31 0.97 1.04 2.63 1.56 0.90 2.06 
2.68 1.64 1.25 1.23 2.72 1.56 1.46 1.99 
1.70 1.99 1.14 0.87 2.53 1.23 2.41 1.89 
2.68 1.64 1.32 1.15 2.65 1.55 1.43 2.00 
2.68 1.79 1.11 1.18 2.84 1.25 2.02 1.96 
1.70 2.15 1.54 0.89 2.67 1.09 2.73 1.87 
1.79 2.19 1.81 0.89 2.53 1.36 1.69 1.90 
1.79 2.24 2.09 0.86 2.62 1.43 1.83 1.93 
2.68 1.93 1.24 1.00 2.67 1.46 1.60 1.97 
1.70 2.07 1.58 1.05 2.71 1.48 1.81 1.95 
1.70 1.30 0.99 1.06 2.61 1.53 1.12 2.05 
1.70 2.20 1.46 0.89 2.79 1.10 2.75 1.88 
2.68 1.97 1.70 1.94 2.35 1.20 1.78 2.02 
1.70 1.36 0.88 1.56 2.88 1.44 2.06 1.90 
1.70 2.23 1.42 0.90 2.82 1.11 2.78 1.87 
2.27 2.35 1.35 0.90 2.69 1.48 1.81 1.97 
1.70 1.69 0.97 1.15 2.95 1.21 2.40 1.96 
2.27 2.60 1.17 0.86 2.95 1.33 2.07 1.90 
1.79 2.23 1.57 1.94 2.36 1.19 1.99 2.01 
1.70 1.31 1.02 1.05 2.58 1.53 1.09 2.05 
1.79 2.02 1.18 1.43 2.37 1.09 2.67 1.91 
2.68 2.62 0.52 1.16 2.57 1.12 2.54 1.82 
1.79 2.07 1.70 1.43 2.91 1.53 1.41 1.89 
1.14 1.69 0.68 1.76 2.64 1.56 1.65 1.93 
1.79 2.63 1.70 1.75 3.00 1.34 2.49 1.70 
1.79 2.26 2.13 0.87 2.61 1.42 1.84 1.92 
2.27 1.93 1.52 0.99 2.68 1.58 1.64 2.00 
1.79 1.93 0.79 1.79 2.77 1.39 2.06 1.85 
0.90 2.47 2.59 1.39 2.52 1.34 2.65 1.95 
1.70 1.31 0.97 1.04 2.63 1.56 0.90 2.07 
1.70 2.18 1.53 0.90 2.80 1.16 2.50 1.88 
2.68 1.81 1.17 1.38 2.52 1.60 1.43 1.99 
2.68 1.64 1.31 1.15 2.65 1.54 1.44 1.99 
1.70 2.21 1.45 0.90 2.79 1.10 2.76 1.89 
1.70 2.10 1.05 1.24 2.83 1.58 1.44 2.01 
2.68 1.79 1.18 1.37 2.52 1.60 1.50 1.99 
1.70 1.32 0.86 2.00 2.94 1.64 1.48 1.93 
2.68 3.00 1.29 0.90 2.38 0.99 2.62 1.90 
2.68 2.19 2.29 1.05 2.44 1.62 2.65 1.99 
1.70 1.99 1.15 0.86 2.53 1.23 2.36 1.88 
2.68 1.63 1.32 1.15 2.65 1.55 1.47 1.99 
2.68 1.79 1.10 1.18 2.84 1.25 2.05 1.97 
1.70 2.16 1.54 0.90 2.67 1.09 2.69 1.88 
1.79 2.18 1.81 0.89 2.53 1.36 1.66 1.91 
1.79 2.25 2.09 0.86 2.62 1.42 1.83 1.93 
2.68 1.94 1.24 1.00 2.67 1.46 1.62 1.97 
1.70 2.07 1.59 1.05 2.71 1.48 1.78 1.95 
1.70 1.31 1.01 1.05 2.61 1.54 1.10 2.06 
1.14 2.21 1.60 0.90 2.79 1.21 2.31 1.88 
2.68 1.95 1.73 1.94 2.35 1.21 1.70 2.02 
1.70 1.36 0.88 1.56 2.87 1.44 2.07 1.91 
1.70 2.18 1.51 0.90 2.82 1.17 2.52 1.87 
2.27 2.34 1.35 0.90 2.69 1.48 1.80 1.98 
1.70 1.70 0.97 1.15 2.95 1.21 2.38 1.95 
2.27 1.51 1.07 1.13 2.57 1.49 1.10 2.01 
2.27 2.60 1.17 0.86 2.95 1.32 2.08 1.90 
2.68 2.15 0.93 0.87 2.93 1.63 1.43 2.12 
1.14 2.61 1.04 1.88 2.39 1.16 2.38 2.07 
2.27 2.36 0.99 1.24 2.83 1.57 1.49 1.99 
2.68 1.32 0.90 0.95 2.74 1.51 1.58 2.06 
2.68 1.80 0.71 1.94 2.68 1.61 1.35 1.92 
2.68 1.82 1.17 1.37 2.52 1.60 1.51 2.00 
1.79 1.38 0.84 2.00 2.94 1.64 1.45 1.93 
1.70 1.30 0.97 1.04 2.63 1.56 0.92 2.07 
2.68 1.64 1.25 1.23 2.72 1.57 1.46 1.98 
1.70 1.99 1.14 0.87 2.53 1.23 2.44 1.89 
2.68 1.63 1.31 1.15 2.65 1.54 1.43 2.00 
2.68 1.78 1.13 1.18 2.84 1.26 1.98 1.95 
1.70 2.16 1.54 0.89 2.67 1.09 2.71 1.87 
1.79 2.19 1.81 0.89 2.53 1.36 1.62 1.89 
1.79 2.24 2.09 0.87 2.62 1.42 1.81 1.92 
2.68 1.93 1.24 1.00 2.67 1.46 1.60 1.97 
1.70 2.07 1.58 1.05 2.71 1.48 1.78 1.95 
1.70 1.30 0.99 1.06 2.61 1.53 1.14 2.06 
1.70 2.20 1.46 0.90 2.79 1.10 2.75 1.88 
2.68 1.96 1.70 1.94 2.35 1.20 1.78 2.02 
1.70 1.43 0.94 1.56 2.88 1.45 1.97 1.90 
1.70 2.16 1.47 0.90 2.82 1.14 2.63 1.87 
2.27 2.34 1.35 0.90 2.69 1.48 1.84 1.97 
1.70 1.71 0.97 1.15 2.95 1.21 2.36 1.94 
1.14 1.32 1.01 1.04 2.58 1.56 0.99 2.06 
1.14 2.37 0.97 1.93 2.27 1.44 1.24 2.15 
2.03 2.24 1.33 0.91 2.29 1.33 2.48 1.92 
1.35 2.47 1.83 1.17 2.06 1.43 1.81 2.02 
1.79 1.44 1.41 0.99 3.00 1.12 2.84 1.75 
2.27 1.27 1.22 1.40 2.94 1.31 2.03 1.86 
2.84 1.88 0.93 1.54 2.96 1.81 1.03 2.02 
2.27 2.18 1.86 0.92 2.33 1.12 2.43 1.81 
0.89 2.17 1.90 1.00 2.09 1.48 2.00 2.00 
2.68 2.22 1.18 1.75 2.09 1.50 1.43 2.13 
2.27 1.75 1.18 1.82 2.66 1.77 1.40 1.92 
2.03 2.55 2.02 0.93 1.95 1.31 2.38 1.93 
1.14 2.06 2.03 0.93 2.78 1.63 2.69 2.04 
1.79 1.45 0.90 1.81 2.31 1.33 1.80 2.05 
1.79 1.68 0.98 1.00 2.72 1.43 1.41 2.01 
0.89 2.11 1.48 1.68 2.62 1.63 1.71 1.90 
1.79 1.70 1.88 1.25 2.08 1.33 1.94 1.97 
1.14 2.24 1.83 0.99 2.13 1.48 1.91 2.00 
2.84 1.70 1.08 1.85 2.83 1.71 1.71 1.88 
1.79 1.34 0.97 1.28 2.08 1.63 1.46 2.11 
1.79 2.70 1.74 1.11 2.06 1.52 2.07 2.05 
1.58 2.72 1.05 1.85 1.96 1.20 2.68 2.05 
2.27 1.64 0.98 1.35 2.97 1.37 1.92 1.87 
1.70 1.46 0.86 1.02 2.70 1.10 2.39 1.80 
0.89 2.09 1.92 1.00 2.09 1.48 1.97 2.00 
2.84 1.83 0.93 1.55 2.97 1.81 1.09 2.01 
2.25 2.28 2.15 0.92 1.95 1.35 2.29 1.94 
1.79 1.33 0.92 1.85 2.32 1.23 2.10 2.02 
2.27 1.72 0.82 1.40 2.69 1.20 2.20 1.94 
2.27 1.75 1.18 1.82 2.66 1.77 1.35 1.92 
1.79 1.45 0.90 1.81 2.31 1.33 1.79 2.07 
2.03 2.25 1.33 0.91 2.29 1.33 2.46 1.93 
1.35 2.47 1.83 1.17 2.06 1.44 1.79 2.02 
2.27 1.26 1.22 1.39 2.93 1.31 2.05 1.87 
2.84 1.88 0.93 1.54 2.96 1.81 1.04 2.02 
2.27 2.18 1.86 0.93 2.33 1.12 2.43 1.82 
0.89 2.17 1.91 1.00 2.09 1.48 1.93 1.99 
2.68 2.21 1.18 1.75 2.09 1.50 1.45 2.15 
2.27 1.74 1.18 1.82 2.66 1.77 1.33 1.92 
0.89 1.32 0.92 1.33 2.06 1.61 1.16 2.13 
1.14 2.34 0.98 1.93 2.27 1.44 1.27 2.16 
2.03 2.24 1.33 0.91 2.29 1.33 2.46 1.92 
1.35 2.46 1.83 1.17 2.06 1.43 1.81 2.01 
1.79 1.44 1.41 0.99 3.00 1.12 2.85 1.75 
2.84 1.88 0.92 1.54 2.96 1.81 1.11 2.01 
2.27 2.18 1.87 0.92 2.33 1.12 2.45 1.82 
0.89 2.16 1.91 1.00 2.09 1.48 1.91 1.99 
2.27 1.74 1.18 1.82 2.66 1.77 1.38 1.93 
0.89 1.32 0.92 1.33 2.06 1.61 1.16 2.13 
