2.22e+000 1.62e-004 2.35e-002 5.66e-002 9.40e-002 4.56e-001 9.86e-004 6.98e-003 5.39e-004 2.23e+002 2.59e-005 4.74e-005 6.08e-005 6.93e-005 
1.83e+000 1.96e-003 1.40e-001 1.00e-001 1.00e-001 4.01e-001 4.38e-004 7.34e-003 6.75e-004 2.51e+002 4.85e-005 3.58e-005 8.08e-005 6.81e-005 
1.91e+000 0.00e+000 1.26e-003 7.30e-002 8.37e-002 4.48e-001 9.26e-004 5.24e-003 6.09e-004 1.85e+002 4.41e-005 3.77e-005 7.41e-005 6.63e-005 
2.24e+000 9.58e-004 4.35e-002 4.06e-002 9.01e-002 3.96e-001 1.00e-003 2.74e-003 5.00e-004 1.83e+002 4.97e-005 5.00e-005 5.80e-005 8.03e-005 
2.00e+000 1.25e-003 2.42e-002 0.00e+000 4.36e-002 4.27e-001 7.87e-004 4.42e-003 9.34e-004 2.08e+002 4.59e-005 4.51e-005 8.22e-005 6.29e-005 
2.64e+000 4.07e-004 0.00e+000 5.48e-002 8.75e-002 3.64e-001 1.00e-003 2.31e-003 5.96e-004 1.38e+002 2.71e-005 4.51e-005 7.94e-005 7.40e-005 
2.32e+000 4.79e-004 3.03e-002 2.14e-003 8.30e-002 3.54e-001 5.04e-004 2.35e-003 9.91e-004 2.13e+002 2.77e-005 3.18e-005 7.77e-005 7.78e-005 
2.04e+000 6.09e-004 5.69e-002 3.92e-002 7.63e-002 2.96e-001 6.88e-004 5.92e-003 6.48e-004 2.09e+002 4.58e-005 4.01e-005 8.87e-005 5.19e-005 
2.66e+000 4.26e-004 3.35e-003 1.86e-002 9.66e-002 3.46e-001 8.76e-004 2.32e-003 6.37e-004 1.66e+002 2.00e-005 4.84e-005 7.55e-005 6.82e-005 
2.11e+000 0.00e+000 0.00e+000 1.09e-002 7.11e-002 3.25e-001 9.77e-004 2.55e-003 5.63e-004 1.93e+002 2.26e-005 4.83e-005 8.11e-005 7.39e-005 
2.22e+000 3.80e-004 2.35e-002 3.05e-002 9.40e-002 4.18e-001 9.55e-004 4.68e-003 5.39e-004 1.79e+002 2.59e-005 4.79e-005 6.08e-005 8.38e-005 
2.24e+000 9.92e-004 4.15e-002 4.06e-002 9.32e-002 3.96e-001 1.00e-003 5.26e-003 5.00e-004 2.02e+002 4.97e-005 5.00e-005 6.21e-005 8.09e-005 
2.08e+000 4.28e-004 7.24e-002 6.04e-002 3.33e-002 3.18e-001 7.29e-004 6.46e-003 7.12e-004 2.41e+002 3.62e-005 4.25e-005 8.30e-005 7.23e-005 
2.21e+000 8.58e-004 4.15e-002 4.06e-002 9.58e-002 3.96e-001 1.00e-003 5.26e-003 5.00e-004 2.02e+002 4.97e-005 5.00e-005 6.21e-005 8.18e-005 
2.00e+000 5.05e-004 5.53e-002 4.71e-002 1.00e-001 3.68e-001 9.93e-004 3.86e-003 5.00e-004 2.03e+002 4.85e-005 5.00e-005 5.73e-005 7.31e-005 
1.97e+000 1.65e-003 9.44e-002 4.38e-002 7.72e-002 3.48e-001 9.59e-004 2.51e-003 5.00e-004 1.85e+002 4.36e-005 5.00e-005 8.10e-005 6.70e-005 
2.08e+000 3.91e-004 9.51e-002 6.10e-002 4.18e-002 3.18e-001 7.43e-004 5.90e-003 7.13e-004 2.41e+002 4.10e-005 4.53e-005 8.30e-005 6.99e-005 
2.08e+000 4.49e-004 1.09e-001 5.77e-002 3.60e-002 3.18e-001 7.48e-004 8.05e-003 7.13e-004 2.46e+002 4.22e-005 4.23e-005 8.36e-005 6.70e-005 
2.09e+000 9.09e-004 4.94e-002 7.59e-003 7.16e-002 3.54e-001 5.04e-004 3.09e-003 9.91e-004 2.23e+002 3.22e-005 3.61e-005 8.15e-005 6.77e-005 
2.08e+000 9.82e-004 8.06e-002 4.79e-003 6.63e-002 3.31e-001 5.00e-004 3.14e-003 9.05e-004 2.18e+002 3.08e-005 3.28e-005 8.13e-005 6.80e-005 
2.22e+000 3.80e-004 2.35e-002 3.05e-002 9.40e-002 4.08e-001 9.55e-004 4.68e-003 5.39e-004 1.79e+002 2.45e-005 4.84e-005 6.08e-005 8.52e-005 
1.97e+000 1.65e-003 9.44e-002 4.16e-002 7.72e-002 3.48e-001 9.61e-004 2.45e-003 5.00e-004 1.85e+002 4.37e-005 5.00e-005 7.59e-005 6.70e-005 
1.86e+000 0.00e+000 8.38e-002 5.77e-002 8.94e-002 3.77e-001 9.77e-004 2.34e-003 5.73e-004 2.04e+002 2.54e-005 4.70e-005 7.12e-005 7.30e-005 
2.33e+000 9.91e-004 1.84e-002 1.86e-002 9.66e-002 3.46e-001 8.76e-004 2.32e-003 6.37e-004 1.56e+002 2.00e-005 4.84e-005 7.55e-005 6.82e-005 
1.97e+000 1.65e-003 9.44e-002 4.74e-002 7.76e-002 3.48e-001 9.60e-004 2.45e-003 5.00e-004 1.85e+002 4.45e-005 5.00e-005 7.47e-005 6.70e-005 
2.03e+000 1.01e-003 7.30e-002 2.14e-003 5.92e-002 3.54e-001 5.04e-004 2.35e-003 9.91e-004 2.13e+002 3.64e-005 3.21e-005 7.53e-005 7.25e-005 
2.00e+000 5.05e-004 5.20e-002 4.71e-002 1.00e-001 3.64e-001 9.93e-004 3.86e-003 5.00e-004 1.89e+002 4.85e-005 5.00e-005 5.21e-005 7.31e-005 
2.09e+000 4.71e-004 9.28e-002 6.59e-002 4.61e-002 3.18e-001 5.93e-004 6.06e-003 6.66e-004 2.94e+002 4.22e-005 4.53e-005 7.56e-005 6.08e-005 
1.86e+000 0.00e+000 8.35e-002 5.77e-002 8.74e-002 3.77e-001 9.26e-004 2.34e-003 5.73e-004 2.04e+002 2.59e-005 4.52e-005 7.12e-005 7.30e-005 
2.22e+000 3.63e-004 2.35e-002 3.05e-002 9.46e-002 4.08e-001 9.55e-004 4.68e-003 5.39e-004 1.79e+002 2.45e-005 4.85e-005 6.15e-005 8.55e-005 
1.90e+000 5.12e-004 6.96e-002 4.26e-002 5.04e-002 3.36e-001 6.25e-004 6.14e-003 7.27e-004 2.52e+002 4.21e-005 4.87e-005 7.77e-005 7.59e-005 
2.21e+000 0.00e+000 3.55e-003 2.43e-002 9.47e-002 2.92e-001 9.84e-004 2.03e-003 5.88e-004 1.55e+002 2.47e-005 4.58e-005 7.67e-005 7.19e-005 
2.31e+000 6.09e-004 6.68e-002 5.03e-002 6.44e-002 3.19e-001 7.82e-004 4.64e-003 7.13e-004 1.99e+002 4.23e-005 4.99e-005 8.96e-005 5.22e-005 
2.54e+000 5.01e-004 0.00e+000 5.48e-002 8.78e-002 3.69e-001 1.00e-003 2.33e-003 5.95e-004 1.58e+002 2.71e-005 4.51e-005 7.94e-005 7.40e-005 
2.37e+000 6.09e-004 6.40e-002 3.04e-002 3.44e-002 2.41e-001 8.58e-004 6.96e-003 7.07e-004 1.80e+002 3.02e-005 4.83e-005 8.42e-005 6.19e-005 
2.08e+000 4.49e-004 1.09e-001 5.75e-002 3.67e-002 3.16e-001 7.48e-004 7.97e-003 7.13e-004 2.46e+002 4.22e-005 4.23e-005 8.36e-005 6.73e-005 
2.08e+000 9.82e-004 8.05e-002 6.71e-003 6.63e-002 3.60e-001 5.00e-004 3.14e-003 9.05e-004 2.18e+002 3.08e-005 3.28e-005 8.12e-005 6.80e-005 
2.52e+000 3.65e-004 2.04e-002 3.39e-002 7.84e-002 3.11e-001 9.30e-004 4.18e-003 5.54e-004 1.82e+002 3.89e-005 4.43e-005 6.65e-005 8.21e-005 
1.82e+000 1.97e-003 1.40e-001 1.00e-001 1.00e-001 4.03e-001 4.37e-004 7.34e-003 6.75e-004 2.51e+002 4.85e-005 3.58e-005 8.08e-005 6.81e-005 
2.22e+000 3.80e-004 2.35e-002 3.05e-002 9.40e-002 4.18e-001 9.55e-004 4.69e-003 5.39e-004 1.79e+002 2.59e-005 4.79e-005 6.08e-005 8.38e-005 
1.97e+000 1.66e-003 9.44e-002 4.16e-002 7.72e-002 3.48e-001 9.61e-004 2.45e-003 5.21e-004 1.85e+002 4.37e-005 5.00e-005 7.58e-005 6.70e-005 
2.32e+000 4.80e-004 3.03e-002 2.14e-003 8.30e-002 3.54e-001 5.04e-004 2.35e-003 9.91e-004 2.13e+002 2.77e-005 3.18e-005 7.77e-005 7.78e-005 
2.21e+000 8.58e-004 4.15e-002 4.06e-002 9.58e-002 3.96e-001 1.00e-003 5.26e-003 5.00e-004 2.02e+002 4.97e-005 5.00e-005 6.21e-005 8.18e-005 
1.97e+000 1.65e-003 9.43e-002 4.16e-002 7.72e-002 3.48e-001 9.61e-004 2.45e-003 5.00e-004 1.85e+002 4.37e-005 5.00e-005 7.59e-005 6.70e-005 
2.24e+000 9.61e-004 4.35e-002 4.06e-002 9.01e-002 3.96e-001 9.99e-004 2.74e-003 5.22e-004 1.83e+002 4.97e-005 5.00e-005 5.80e-005 8.02e-005 
2.32e+000 4.79e-004 3.03e-002 2.14e-003 8.30e-002 3.54e-001 5.04e-004 2.35e-003 9.96e-004 2.13e+002 2.77e-005 3.18e-005 7.77e-005 7.78e-005 
2.66e+000 4.26e-004 3.71e-003 1.86e-002 9.66e-002 3.46e-001 8.76e-004 2.32e-003 6.39e-004 1.66e+002 2.00e-005 4.84e-005 7.55e-005 6.82e-005 
2.11e+000 0.00e+000 0.00e+000 1.09e-002 7.11e-002 3.25e-001 9.77e-004 2.55e-003 5.63e-004 1.93e+002 2.26e-005 4.83e-005 8.11e-005 7.39e-005 
2.19e+000 5.47e-004 9.03e-002 5.54e-002 6.12e-002 3.59e-001 6.94e-004 6.38e-003 7.11e-004 2.38e+002 4.16e-005 4.53e-005 8.29e-005 7.27e-005 
2.08e+000 4.28e-004 7.27e-002 6.04e-002 3.33e-002 3.18e-001 7.29e-004 6.46e-003 7.12e-004 2.41e+002 3.62e-005 4.25e-005 8.29e-005 7.23e-005 
2.21e+000 8.60e-004 4.15e-002 4.06e-002 9.58e-002 3.96e-001 1.00e-003 5.26e-003 5.00e-004 2.02e+002 4.97e-005 5.00e-005 6.21e-005 8.18e-005 
2.00e+000 5.05e-004 5.53e-002 4.71e-002 1.00e-001 3.68e-001 9.93e-004 3.86e-003 5.00e-004 2.03e+002 4.85e-005 5.00e-005 5.73e-005 7.31e-005 
1.97e+000 1.66e-003 9.44e-002 4.38e-002 7.72e-002 3.48e-001 9.59e-004 2.51e-003 5.00e-004 1.85e+002 4.36e-005 5.00e-005 8.10e-005 6.70e-005 
2.08e+000 3.91e-004 9.51e-002 6.10e-002 4.18e-002 3.18e-001 7.43e-004 5.90e-003 7.13e-004 2.41e+002 4.10e-005 4.53e-005 8.30e-005 6.99e-005 
2.08e+000 4.53e-004 1.09e-001 5.77e-002 3.60e-002 3.18e-001 7.48e-004 8.05e-003 7.13e-004 2.46e+002 4.22e-005 4.23e-005 8.36e-005 6.70e-005 
2.09e+000 9.09e-004 4.97e-002 7.59e-003 7.16e-002 3.55e-001 5.04e-004 3.09e-003 9.91e-004 2.23e+002 3.22e-005 3.61e-005 8.15e-005 6.77e-005 
2.08e+000 9.82e-004 8.06e-002 4.79e-003 6.63e-002 3.31e-001 5.00e-004 3.14e-003 9.05e-004 2.18e+002 3.08e-005 3.28e-005 8.13e-005 6.80e-005 
2.22e+000 3.80e-004 2.35e-002 3.05e-002 9.40e-002 4.09e-001 9.55e-004 4.68e-003 5.43e-004 1.79e+002 2.45e-005 4.84e-005 6.08e-005 8.52e-005 
1.97e+000 1.65e-003 9.44e-002 4.16e-002 7.72e-002 3.48e-001 9.61e-004 2.45e-003 5.38e-004 1.85e+002 4.37e-005 5.00e-005 7.59e-005 6.70e-005 
1.86e+000 0.00e+000 8.38e-002 5.77e-002 8.94e-002 3.77e-001 9.77e-004 2.34e-003 5.80e-004 2.04e+002 2.54e-005 4.70e-005 7.12e-005 7.29e-005 
2.33e+000 9.91e-004 1.84e-002 1.86e-002 9.66e-002 3.46e-001 8.76e-004 2.32e-003 6.37e-004 1.56e+002 2.00e-005 4.84e-005 7.55e-005 6.83e-005 
1.97e+000 1.65e-003 9.44e-002 4.74e-002 7.76e-002 3.48e-001 9.60e-004 2.45e-003 5.23e-004 1.85e+002 4.45e-005 5.00e-005 7.47e-005 6.70e-005 
2.03e+000 1.01e-003 7.31e-002 2.14e-003 5.92e-002 3.54e-001 5.04e-004 2.35e-003 9.91e-004 2.13e+002 3.64e-005 3.21e-005 7.53e-005 7.25e-005 
2.00e+000 5.05e-004 5.20e-002 4.71e-002 1.00e-001 3.63e-001 9.93e-004 3.86e-003 5.00e-004 1.89e+002 4.85e-005 5.00e-005 5.21e-005 7.31e-005 
2.24e+000 3.77e-004 3.98e-002 3.73e-002 7.86e-002 3.79e-001 8.87e-004 7.16e-003 5.00e-004 1.94e+002 3.57e-005 4.78e-005 6.59e-005 8.31e-005 
2.09e+000 4.71e-004 9.28e-002 6.59e-002 4.61e-002 3.18e-001 5.93e-004 6.06e-003 6.66e-004 2.94e+002 4.22e-005 4.53e-005 7.56e-005 6.08e-005 
2.22e+000 1.62e-004 2.36e-002 5.66e-002 9.40e-002 4.56e-001 9.86e-004 6.98e-003 5.39e-004 2.23e+002 2.59e-005 4.74e-005 6.08e-005 6.93e-005 
1.91e+000 0.00e+000 1.26e-003 7.30e-002 8.37e-002 4.48e-001 9.26e-004 5.24e-003 6.19e-004 1.85e+002 4.41e-005 3.77e-005 7.41e-005 6.63e-005 
2.24e+000 9.58e-004 4.35e-002 4.06e-002 9.01e-002 3.96e-001 1.00e-003 2.74e-003 5.00e-004 1.83e+002 4.97e-005 5.00e-005 5.80e-005 8.03e-005 
2.00e+000 1.25e-003 2.42e-002 0.00e+000 4.36e-002 4.27e-001 7.87e-004 4.42e-003 9.34e-004 2.08e+002 4.59e-005 4.51e-005 8.22e-005 6.29e-005 
2.64e+000 4.07e-004 2.83e-004 5.48e-002 8.75e-002 3.64e-001 1.00e-003 2.31e-003 5.96e-004 1.38e+002 2.71e-005 4.51e-005 7.94e-005 7.40e-005 
2.32e+000 4.81e-004 3.03e-002 2.14e-003 8.30e-002 3.55e-001 5.04e-004 2.35e-003 9.91e-004 2.13e+002 2.77e-005 3.18e-005 7.77e-005 7.78e-005 
2.66e+000 4.26e-004 3.35e-003 1.86e-002 9.66e-002 3.46e-001 8.76e-004 2.32e-003 6.44e-004 1.66e+002 2.00e-005 4.84e-005 7.55e-005 6.82e-005 
2.22e+000 3.81e-004 2.35e-002 3.05e-002 9.40e-002 4.18e-001 9.55e-004 4.68e-003 5.39e-004 1.79e+002 2.59e-005 4.79e-005 6.08e-005 8.39e-005 
2.24e+000 9.94e-004 4.15e-002 4.06e-002 9.32e-002 3.96e-001 1.00e-003 5.26e-003 5.00e-004 2.02e+002 4.97e-005 5.00e-005 6.21e-005 8.09e-005 
2.08e+000 4.28e-004 7.24e-002 6.04e-002 3.33e-002 3.18e-001 7.30e-004 6.46e-003 7.12e-004 2.41e+002 3.62e-005 4.25e-005 8.30e-005 7.23e-005 
2.21e+000 8.58e-004 4.15e-002 4.06e-002 9.58e-002 3.96e-001 1.00e-003 5.26e-003 5.00e-004 2.02e+002 4.97e-005 5.00e-005 6.21e-005 8.18e-005 
2.00e+000 5.05e-004 5.53e-002 4.71e-002 1.00e-001 3.68e-001 9.93e-004 3.86e-003 5.05e-004 2.03e+002 4.85e-005 5.00e-005 5.73e-005 7.31e-005 
1.97e+000 1.65e-003 9.44e-002 4.38e-002 7.72e-002 3.48e-001 9.59e-004 2.51e-003 5.00e-004 1.85e+002 4.36e-005 5.00e-005 8.10e-005 6.70e-005 
2.08e+000 3.91e-004 9.52e-002 6.10e-002 4.18e-002 3.18e-001 7.43e-004 5.90e-003 7.13e-004 2.41e+002 4.10e-005 4.53e-005 8.30e-005 6.99e-005 
2.08e+000 4.49e-004 1.09e-001 5.77e-002 3.60e-002 3.18e-001 7.48e-004 8.05e-003 7.13e-004 2.46e+002 4.22e-005 4.23e-005 8.36e-005 6.70e-005 
2.09e+000 9.09e-004 4.93e-002 7.59e-003 7.16e-002 3.54e-001 5.04e-004 3.09e-003 9.92e-004 2.23e+002 3.22e-005 3.61e-005 8.15e-005 6.77e-005 
2.08e+000 9.83e-004 8.06e-002 4.79e-003 6.63e-002 3.31e-001 5.01e-004 3.14e-003 9.05e-004 2.18e+002 3.08e-005 3.28e-005 8.13e-005 6.80e-005 
2.22e+000 3.80e-004 2.35e-002 3.05e-002 9.40e-002 4.08e-001 9.55e-004 4.68e-003 5.39e-004 1.79e+002 2.45e-005 4.84e-005 6.08e-005 8.52e-005 
1.97e+000 1.65e-003 9.44e-002 4.15e-002 7.72e-002 3.48e-001 9.61e-004 2.45e-003 5.00e-004 1.85e+002 4.37e-005 5.00e-005 7.59e-005 6.70e-005 
1.86e+000 0.00e+000 8.38e-002 5.77e-002 8.94e-002 3.77e-001 9.77e-004 2.34e-003 5.73e-004 2.04e+002 2.54e-005 4.70e-005 7.12e-005 7.30e-005 
2.33e+000 9.91e-004 1.84e-002 1.86e-002 9.66e-002 3.46e-001 8.76e-004 2.32e-003 6.50e-004 1.56e+002 2.00e-005 4.84e-005 7.55e-005 6.82e-005 
1.97e+000 1.65e-003 9.44e-002 4.74e-002 7.76e-002 3.48e-001 9.60e-004 2.45e-003 5.13e-004 1.85e+002 4.45e-005 5.00e-005 7.47e-005 6.70e-005 
2.03e+000 1.01e-003 7.30e-002 2.14e-003 5.92e-002 3.54e-001 5.04e-004 2.35e-003 9.91e-004 2.13e+002 3.64e-005 3.21e-005 7.53e-005 7.25e-005 
2.00e+000 5.05e-004 5.23e-002 4.71e-002 1.00e-001 3.63e-001 9.93e-004 3.86e-003 5.00e-004 1.89e+002 4.85e-005 5.00e-005 5.21e-005 7.31e-005 
2.22e+000 3.98e-004 2.35e-002 3.07e-002 9.46e-002 4.16e-001 9.55e-004 4.70e-003 5.39e-004 1.85e+002 2.46e-005 4.85e-005 6.15e-005 8.55e-005 
1.85e+000 4.81e-004 1.64e-002 5.62e-002 3.06e-002 5.05e-001 5.21e-004 2.82e-003 1.59e-003 2.16e+002 2.07e-005 3.20e-005 6.85e-005 8.58e-005 
2.05e+000 1.11e-003 0.00e+000 9.15e-002 9.98e-002 4.01e-001 6.27e-004 2.49e-004 1.22e-003 1.06e+002 2.48e-005 3.31e-005 5.96e-005 9.97e-005 
2.04e+000 0.00e+000 8.00e-002 0.00e+000 2.87e-002 3.45e-001 9.19e-004 0.00e+000 9.32e-004 1.70e+002 2.09e-005 2.60e-005 9.42e-005 8.06e-005 
2.11e+000 1.18e-004 1.92e-003 6.12e-002 7.91e-002 2.78e-001 4.65e-004 2.20e-005 1.31e-003 1.62e+002 2.81e-005 2.14e-005 8.58e-005 4.78e-005 
2.33e+000 0.00e+000 0.00e+000 4.96e-002 7.26e-002 3.11e-001 6.32e-004 1.46e-004 1.09e-003 1.56e+002 2.48e-005 2.11e-005 9.35e-005 4.72e-005 
2.40e+000 6.14e-004 7.17e-003 4.71e-002 3.06e-002 4.08e-001 6.75e-004 1.55e-003 1.59e-003 1.55e+002 2.90e-005 4.72e-005 8.22e-005 6.12e-005 
2.04e+000 0.00e+000 8.00e-002 0.00e+000 3.09e-002 2.53e-001 9.26e-004 0.00e+000 9.31e-004 1.40e+002 2.73e-005 3.23e-005 9.42e-005 6.70e-005 
2.05e+000 3.49e-004 8.00e-002 6.20e-003 3.53e-002 3.45e-001 9.19e-004 0.00e+000 9.22e-004 1.70e+002 2.09e-005 2.60e-005 9.49e-005 7.81e-005 
1.84e+000 1.02e-003 1.50e-002 5.22e-002 4.57e-002 5.05e-001 5.60e-004 2.23e-003 1.59e-003 1.80e+002 2.05e-005 3.20e-005 6.85e-005 9.45e-005 
2.49e+000 1.47e-003 1.29e-004 8.85e-002 9.63e-002 4.08e-001 6.25e-004 0.00e+000 1.20e-003 1.12e+002 3.22e-005 3.60e-005 5.58e-005 9.91e-005 
2.05e+000 1.01e-003 0.00e+000 9.15e-002 9.98e-002 4.01e-001 6.27e-004 5.32e-004 1.20e-003 1.06e+002 2.43e-005 3.15e-005 7.34e-005 9.97e-005 
2.09e+000 6.02e-004 1.13e-001 4.33e-002 7.54e-002 3.82e-001 8.07e-004 8.39e-003 5.00e-004 2.55e+002 4.24e-005 4.52e-005 4.31e-005 9.70e-005 
1.89e+000 2.96e-004 3.13e-002 1.00e-001 1.84e-002 4.48e-001 7.02e-004 2.76e-003 1.49e-003 2.13e+002 3.44e-005 3.24e-005 6.02e-005 9.37e-005 
2.11e+000 3.83e-005 2.42e-003 3.58e-002 6.62e-002 3.83e-001 6.71e-004 5.30e-005 1.24e-003 1.62e+002 2.81e-005 2.12e-005 9.37e-005 4.90e-005 
2.45e+000 6.68e-004 5.47e-002 5.62e-002 7.00e-002 3.23e-001 3.93e-004 2.44e-003 1.11e-003 2.22e+002 3.11e-005 2.95e-005 6.12e-005 9.71e-005 
1.97e+000 4.32e-004 1.15e-001 3.19e-002 2.63e-002 3.35e-001 8.46e-004 9.51e-003 5.43e-004 2.72e+002 4.99e-005 4.28e-005 9.77e-005 7.04e-005 
2.05e+000 3.49e-004 8.15e-002 6.20e-003 3.37e-002 3.45e-001 9.19e-004 0.00e+000 9.21e-004 1.70e+002 2.09e-005 2.60e-005 9.21e-005 7.81e-005 
2.49e+000 1.46e-003 1.29e-004 8.90e-002 9.64e-002 3.90e-001 6.19e-004 0.00e+000 1.20e-003 1.12e+002 3.30e-005 3.60e-005 5.33e-005 9.53e-005 
1.99e+000 9.65e-004 8.97e-003 5.65e-002 3.09e-002 4.99e-001 8.35e-004 1.21e-003 1.33e-003 1.69e+002 2.07e-005 4.49e-005 9.27e-005 7.70e-005 
2.04e+000 2.55e-004 8.00e-002 8.28e-004 2.80e-002 3.67e-001 9.19e-004 0.00e+000 9.30e-004 1.74e+002 2.09e-005 2.60e-005 9.42e-005 8.06e-005 
1.76e+000 1.19e-003 5.54e-002 3.35e-002 6.32e-002 4.48e-001 8.55e-004 4.67e-003 6.00e-004 2.03e+002 4.00e-005 2.15e-005 9.94e-005 6.61e-005 
2.27e+000 3.06e-004 2.53e-002 4.96e-002 6.82e-002 3.11e-001 6.32e-004 1.46e-004 1.09e-003 1.54e+002 2.48e-005 2.11e-005 9.35e-005 4.72e-005 
2.12e+000 3.84e-005 2.25e-002 3.19e-002 6.95e-002 2.78e-001 6.06e-004 1.62e-005 1.10e-003 1.54e+002 2.72e-005 2.20e-005 9.37e-005 5.31e-005 
2.05e+000 3.49e-004 8.00e-002 6.16e-003 3.53e-002 3.45e-001 9.19e-004 1.89e-004 9.22e-004 1.70e+002 2.09e-005 2.64e-005 9.49e-005 7.81e-005 
2.40e+000 6.67e-004 7.17e-003 4.71e-002 3.06e-002 4.08e-001 6.75e-004 1.51e-003 1.59e-003 1.55e+002 2.90e-005 4.72e-005 8.22e-005 6.11e-005 
2.05e+000 1.06e-003 1.01e-002 9.09e-002 9.98e-002 4.01e-001 6.15e-004 5.32e-004 1.20e-003 1.06e+002 2.42e-005 3.15e-005 7.34e-005 9.97e-005 
1.86e+000 2.96e-004 3.13e-002 1.00e-001 1.84e-002 4.26e-001 7.02e-004 2.76e-003 1.48e-003 2.08e+002 3.44e-005 3.23e-005 6.02e-005 9.37e-005 
1.93e+000 1.71e-004 2.43e-003 4.07e-002 6.83e-002 3.60e-001 6.87e-004 1.14e-006 1.34e-003 1.22e+002 2.79e-005 2.80e-005 9.33e-005 4.81e-005 
2.49e+000 1.47e-003 3.06e-004 8.84e-002 9.63e-002 4.08e-001 6.25e-004 0.00e+000 1.20e-003 1.12e+002 3.22e-005 3.60e-005 5.58e-005 9.91e-005 
1.89e+000 2.96e-004 3.13e-002 1.00e-001 1.84e-002 4.48e-001 7.02e-004 2.76e-003 1.49e-003 2.13e+002 3.44e-005 3.24e-005 6.02e-005 9.37e-005 
2.05e+000 1.11e-003 0.00e+000 9.15e-002 9.98e-002 4.01e-001 6.28e-004 2.51e-004 1.22e-003 1.06e+002 2.48e-005 3.31e-005 5.96e-005 9.97e-005 
2.04e+000 0.00e+000 8.00e-002 0.00e+000 2.87e-002 3.45e-001 9.19e-004 0.00e+000 9.32e-004 1.70e+002 2.09e-005 2.60e-005 9.42e-005 8.06e-005 
2.33e+000 0.00e+000 0.00e+000 4.96e-002 7.26e-002 3.11e-001 6.32e-004 1.46e-004 1.09e-003 1.56e+002 2.48e-005 2.11e-005 9.35e-005 4.72e-005 
2.40e+000 6.14e-004 7.17e-003 4.71e-002 3.06e-002 4.08e-001 6.75e-004 1.55e-003 1.59e-003 1.55e+002 2.90e-005 4.72e-005 8.22e-005 6.12e-005 
2.04e+000 0.00e+000 8.00e-002 0.00e+000 3.09e-002 2.53e-001 9.26e-004 0.00e+000 9.31e-004 1.40e+002 2.73e-005 3.23e-005 9.42e-005 6.70e-005 
2.05e+000 3.49e-004 8.00e-002 6.20e-003 3.53e-002 3.45e-001 9.19e-004 0.00e+000 9.22e-004 1.70e+002 2.09e-005 2.60e-005 9.49e-005 7.81e-005 
1.84e+000 1.02e-003 1.50e-002 5.22e-002 4.57e-002 5.06e-001 5.60e-004 2.23e-003 1.59e-003 1.80e+002 2.05e-005 3.20e-005 6.85e-005 9.45e-005 
2.49e+000 1.47e-003 1.29e-004 8.85e-002 9.63e-002 4.08e-001 6.25e-004 0.00e+000 1.20e-003 1.12e+002 3.22e-005 3.60e-005 5.58e-005 9.91e-005 
1.98e+000 9.78e-004 8.79e-003 5.89e-002 3.06e-002 5.05e-001 8.38e-004 1.54e-003 1.28e-003 1.66e+002 2.07e-005 4.49e-005 9.27e-005 7.73e-005 
1.85e+000 4.81e-004 1.64e-002 5.62e-002 3.06e-002 5.05e-001 5.21e-004 2.82e-003 1.59e-003 2.17e+002 2.07e-005 3.20e-005 6.85e-005 8.58e-005 
2.05e+000 1.11e-003 0.00e+000 9.15e-002 9.98e-002 4.01e-001 6.27e-004 2.49e-004 1.22e-003 1.06e+002 2.48e-005 3.31e-005 5.96e-005 9.97e-005 
2.04e+000 0.00e+000 8.00e-002 0.00e+000 2.87e-002 3.45e-001 9.19e-004 0.00e+000 9.32e-004 1.70e+002 2.09e-005 2.60e-005 9.42e-005 8.06e-005 
2.11e+000 1.18e-004 1.92e-003 6.12e-002 7.91e-002 2.78e-001 4.65e-004 2.20e-005 1.31e-003 1.62e+002 2.81e-005 2.14e-005 8.58e-005 4.78e-005 
2.40e+000 6.14e-004 7.17e-003 4.71e-002 3.06e-002 4.08e-001 6.75e-004 1.55e-003 1.59e-003 1.55e+002 2.90e-005 4.72e-005 8.22e-005 6.12e-005 
2.04e+000 3.61e-007 8.00e-002 0.00e+000 3.09e-002 2.53e-001 9.26e-004 0.00e+000 9.31e-004 1.40e+002 2.73e-005 3.23e-005 9.42e-005 6.70e-005 
2.05e+000 3.52e-004 8.00e-002 6.20e-003 3.53e-002 3.44e-001 9.19e-004 0.00e+000 9.22e-004 1.70e+002 2.09e-005 2.60e-005 9.49e-005 7.81e-005 
2.49e+000 1.47e-003 1.29e-004 8.85e-002 9.63e-002 4.08e-001 6.26e-004 0.00e+000 1.20e-003 1.12e+002 3.22e-005 3.60e-005 5.58e-005 9.91e-005 
1.98e+000 9.78e-004 8.79e-003 5.89e-002 3.06e-002 5.05e-001 8.38e-004 1.54e-003 1.28e-003 1.66e+002 2.07e-005 4.49e-005 9.27e-005 7.73e-005 
