2.03e+000 1.47e-003 5.49e-002 4.76e-002 1.00e-001 5.12e-001 8.71e-004 8.86e-003 5.00e-004 2.58e+002 2.68e-005 3.75e-005 6.76e-005 6.24e-005 
2.03e+000 1.47e-003 2.57e-002 3.71e-002 1.00e-001 5.12e-001 8.71e-004 8.86e-003 5.00e-004 2.58e+002 3.54e-005 3.75e-005 6.76e-005 6.24e-005 
2.03e+000 1.00e-004 5.07e-002 5.19e-002 9.72e-002 4.48e-001 9.33e-004 7.46e-003 5.36e-004 2.07e+002 2.88e-005 2.40e-005 5.75e-005 8.58e-005 
1.95e+000 1.70e-003 9.49e-002 2.05e-002 9.04e-002 4.86e-001 7.91e-004 7.51e-003 5.60e-004 2.21e+002 3.49e-005 4.30e-005 9.10e-005 7.11e-005 
1.95e+000 5.17e-005 9.49e-002 2.23e-003 9.19e-002 4.18e-001 8.62e-004 8.27e-003 5.52e-004 2.21e+002 2.70e-005 2.55e-005 9.54e-005 5.85e-005 
1.95e+000 6.05e-005 9.49e-002 2.59e-002 9.36e-002 4.26e-001 7.04e-004 9.03e-003 5.60e-004 2.21e+002 3.87e-005 2.00e-005 9.30e-005 5.85e-005 
1.95e+000 5.17e-005 9.49e-002 4.65e-002 9.57e-002 4.18e-001 8.62e-004 8.27e-003 5.52e-004 2.21e+002 2.70e-005 2.45e-005 8.25e-005 5.85e-005 
1.70e+000 1.82e-003 1.51e-001 5.08e-002 9.72e-002 4.86e-001 9.64e-004 4.12e-003 5.46e-004 2.26e+002 4.85e-005 2.00e-005 9.41e-005 3.30e-005 
1.97e+000 4.97e-004 8.16e-002 1.12e-002 8.13e-002 4.14e-001 8.30e-004 6.98e-003 5.00e-004 2.62e+002 3.42e-005 2.01e-005 8.05e-005 6.15e-005 
2.07e+000 5.66e-004 7.90e-002 0.00e+000 9.45e-002 3.99e-001 8.82e-004 2.98e-003 5.22e-004 2.12e+002 2.24e-005 3.84e-005 7.60e-005 7.66e-005 
1.95e+000 5.68e-005 9.49e-002 2.59e-002 9.36e-002 4.01e-001 7.04e-004 8.79e-003 5.60e-004 2.21e+002 3.30e-005 2.39e-005 9.56e-005 5.85e-005 
2.03e+000 2.38e-003 5.49e-002 4.76e-002 1.00e-001 4.71e-001 8.71e-004 8.86e-003 5.00e-004 2.31e+002 2.68e-005 3.34e-005 7.15e-005 6.24e-005 
2.03e+000 1.00e-004 6.01e-002 5.19e-002 9.64e-002 4.48e-001 9.33e-004 7.46e-003 5.36e-004 2.07e+002 2.88e-005 2.40e-005 6.69e-005 8.58e-005 
2.07e+000 5.62e-004 7.47e-002 4.00e-002 9.45e-002 3.99e-001 8.82e-004 2.98e-003 5.22e-004 2.09e+002 2.24e-005 3.91e-005 7.60e-005 7.66e-005 
1.89e+000 1.22e-003 1.48e-001 1.95e-002 9.88e-002 3.30e-001 8.11e-004 7.88e-003 5.36e-004 2.31e+002 2.92e-005 2.37e-005 8.47e-005 3.98e-005 
2.25e+000 7.97e-004 7.88e-002 1.59e-002 1.00e-001 3.93e-001 9.15e-004 2.69e-003 5.00e-004 2.30e+002 2.78e-005 3.83e-005 7.39e-005 8.42e-005 
1.95e+000 1.70e-003 9.49e-002 2.05e-002 9.04e-002 4.67e-001 8.00e-004 7.60e-003 5.59e-004 2.21e+002 3.49e-005 4.30e-005 9.38e-005 7.11e-005 
1.75e+000 1.47e-003 1.61e-001 3.29e-003 9.73e-002 3.81e-001 9.21e-004 8.48e-003 5.28e-004 2.16e+002 3.90e-005 3.26e-005 8.95e-005 3.01e-005 
1.92e+000 5.66e-004 7.90e-002 0.00e+000 8.74e-002 4.27e-001 8.75e-004 4.46e-003 5.19e-004 2.06e+002 2.64e-005 4.04e-005 7.60e-005 7.66e-005 
1.85e+000 1.75e-003 1.13e-001 1.33e-002 9.59e-002 4.85e-001 8.82e-004 4.61e-003 5.31e-004 2.31e+002 2.63e-005 3.42e-005 7.86e-005 7.28e-005 
2.05e+000 5.17e-005 8.08e-002 2.23e-003 8.69e-002 4.18e-001 8.62e-004 8.27e-003 5.51e-004 2.21e+002 2.70e-005 2.55e-005 8.97e-005 5.85e-005 
1.88e+000 5.17e-005 9.28e-002 4.65e-002 9.24e-002 4.23e-001 8.54e-004 8.27e-003 5.51e-004 2.21e+002 2.64e-005 2.56e-005 8.25e-005 5.98e-005 
1.95e+000 5.68e-005 9.49e-002 2.59e-002 9.36e-002 4.20e-001 7.04e-004 8.79e-003 5.47e-004 2.21e+002 3.28e-005 2.38e-005 9.56e-005 5.85e-005 
1.78e+000 1.74e-003 1.31e-001 4.45e-003 9.26e-002 4.55e-001 8.83e-004 4.67e-003 5.32e-004 2.29e+002 2.60e-005 3.36e-005 8.07e-005 7.53e-005 
1.95e+000 1.70e-003 9.49e-002 1.92e-002 9.04e-002 4.59e-001 7.94e-004 7.64e-003 5.59e-004 2.21e+002 3.57e-005 4.30e-005 9.38e-005 7.07e-005 
1.68e+000 1.82e-003 1.51e-001 5.08e-002 9.72e-002 4.85e-001 9.64e-004 4.09e-003 5.46e-004 2.26e+002 4.85e-005 2.00e-005 9.40e-005 3.30e-005 
1.88e+000 1.75e-003 1.29e-001 1.33e-002 9.59e-002 4.64e-001 8.82e-004 4.61e-003 5.31e-004 2.31e+002 2.63e-005 3.42e-005 7.86e-005 7.28e-005 
1.89e+000 1.22e-003 1.48e-001 1.95e-002 9.88e-002 3.30e-001 8.12e-004 7.87e-003 5.36e-004 2.30e+002 2.92e-005 2.37e-005 8.47e-005 3.98e-005 
1.95e+000 5.17e-005 9.23e-002 4.65e-002 9.25e-002 4.21e-001 8.58e-004 8.27e-003 5.52e-004 2.19e+002 2.71e-005 2.46e-005 8.24e-005 5.85e-005 
1.82e+000 8.28e-004 1.53e-001 2.00e-002 9.67e-002 3.38e-001 8.11e-004 7.63e-003 5.36e-004 2.31e+002 2.91e-005 2.31e-005 8.28e-005 3.89e-005 
2.07e+000 5.62e-004 7.47e-002 4.00e-002 9.45e-002 4.03e-001 8.82e-004 2.98e-003 5.22e-004 2.11e+002 2.24e-005 3.89e-005 7.57e-005 7.67e-005 
1.95e+000 1.70e-003 9.49e-002 2.05e-002 9.04e-002 4.86e-001 7.91e-004 7.49e-003 5.60e-004 2.21e+002 3.49e-005 4.30e-005 9.10e-005 7.12e-005 
1.95e+000 6.23e-005 9.49e-002 2.23e-003 9.19e-002 4.17e-001 8.58e-004 8.27e-003 5.52e-004 2.21e+002 2.70e-005 2.55e-005 9.54e-005 5.83e-005 
1.97e+000 5.40e-004 8.23e-002 1.12e-002 8.14e-002 4.14e-001 8.30e-004 6.98e-003 5.00e-004 2.62e+002 3.42e-005 2.01e-005 8.05e-005 6.15e-005 
2.07e+000 5.65e-004 1.63e-001 2.87e-002 1.00e-001 3.34e-001 8.11e-004 3.55e-003 5.21e-004 2.23e+002 2.34e-005 3.80e-005 7.56e-005 7.58e-005 
1.95e+000 1.70e-003 9.50e-002 2.05e-002 9.04e-002 4.86e-001 7.91e-004 7.51e-003 5.76e-004 2.21e+002 3.49e-005 4.30e-005 9.10e-005 7.11e-005 
1.95e+000 5.21e-005 9.49e-002 2.23e-003 9.19e-002 4.18e-001 8.62e-004 8.27e-003 5.61e-004 2.21e+002 2.70e-005 2.55e-005 9.54e-005 5.85e-005 
1.95e+000 6.05e-005 9.49e-002 2.59e-002 9.36e-002 4.26e-001 7.04e-004 9.03e-003 5.60e-004 2.21e+002 3.87e-005 2.00e-005 9.30e-005 5.85e-005 
1.95e+000 5.17e-005 9.49e-002 4.65e-002 9.57e-002 4.18e-001 8.62e-004 8.27e-003 5.52e-004 2.21e+002 2.70e-005 2.45e-005 8.25e-005 5.85e-005 
1.70e+000 1.82e-003 1.51e-001 5.08e-002 9.72e-002 4.86e-001 9.64e-004 4.12e-003 5.46e-004 2.26e+002 4.85e-005 2.00e-005 9.41e-005 3.30e-005 
2.31e+000 0.00e+000 1.08e-001 1.18e-002 8.07e-002 2.49e-001 8.25e-004 6.92e-003 5.65e-004 1.78e+002 5.00e-005 3.45e-005 8.99e-005 4.34e-005 
1.97e+000 4.97e-004 8.16e-002 1.12e-002 8.13e-002 4.14e-001 8.30e-004 6.98e-003 5.00e-004 2.62e+002 3.42e-005 2.01e-005 8.05e-005 6.15e-005 
2.07e+000 5.67e-004 7.90e-002 0.00e+000 9.45e-002 3.99e-001 8.82e-004 2.98e-003 5.31e-004 2.12e+002 2.24e-005 3.84e-005 7.60e-005 7.66e-005 
1.95e+000 5.68e-005 9.57e-002 2.59e-002 9.36e-002 4.01e-001 7.04e-004 8.79e-003 5.60e-004 2.21e+002 3.30e-005 2.39e-005 9.56e-005 5.85e-005 
2.03e+000 2.38e-003 5.49e-002 4.76e-002 1.00e-001 4.70e-001 8.71e-004 8.86e-003 5.00e-004 2.31e+002 2.68e-005 3.34e-005 7.15e-005 6.24e-005 
2.03e+000 1.00e-004 6.01e-002 5.19e-002 9.64e-002 4.48e-001 9.33e-004 7.46e-003 5.36e-004 2.07e+002 2.88e-005 2.40e-005 6.70e-005 8.58e-005 
1.95e+000 1.70e-003 9.49e-002 2.05e-002 9.04e-002 4.67e-001 8.00e-004 7.60e-003 5.59e-004 2.21e+002 3.49e-005 4.30e-005 9.38e-005 7.11e-005 
1.75e+000 1.47e-003 1.61e-001 3.29e-003 9.73e-002 3.81e-001 9.21e-004 8.48e-003 5.28e-004 2.16e+002 3.90e-005 3.26e-005 8.95e-005 3.01e-005 
2.00e+000 2.39e-003 2.25e-002 8.58e-003 1.00e-001 5.33e-001 9.24e-004 7.54e-003 5.00e-004 1.99e+002 2.21e-005 2.03e-005 9.35e-005 6.34e-005 
2.03e+000 1.47e-003 5.49e-002 4.76e-002 1.00e-001 5.12e-001 8.71e-004 8.86e-003 5.00e-004 2.58e+002 2.68e-005 3.75e-005 6.76e-005 6.24e-005 
2.03e+000 1.47e-003 2.57e-002 3.71e-002 1.00e-001 5.12e-001 8.71e-004 8.86e-003 5.07e-004 2.58e+002 3.54e-005 3.75e-005 6.76e-005 6.24e-005 
1.63e+000 1.20e-003 2.34e-001 1.86e-002 3.83e-002 3.26e-001 3.12e-004 0.00e+000 3.93e-003 1.46e+002 2.57e-005 2.00e-005 8.26e-005 4.01e-005 
2.03e+000 3.12e-004 5.01e-002 5.22e-002 9.88e-002 4.39e-001 9.26e-004 7.47e-003 5.44e-004 2.05e+002 2.90e-005 2.41e-005 4.28e-005 7.96e-005 
1.95e+000 1.70e-003 9.49e-002 2.05e-002 9.04e-002 4.86e-001 7.91e-004 7.50e-003 5.60e-004 2.21e+002 3.49e-005 4.30e-005 9.10e-005 7.11e-005 
1.95e+000 5.17e-005 9.49e-002 2.23e-003 9.19e-002 4.18e-001 8.62e-004 8.27e-003 5.52e-004 2.21e+002 2.70e-005 2.55e-005 9.54e-005 5.85e-005 
1.95e+000 5.48e-005 9.49e-002 4.65e-002 9.57e-002 4.18e-001 8.62e-004 8.27e-003 5.52e-004 2.21e+002 2.70e-005 2.45e-005 8.25e-005 5.85e-005 
1.70e+000 1.82e-003 1.51e-001 5.08e-002 9.72e-002 4.86e-001 9.64e-004 4.12e-003 5.46e-004 2.26e+002 4.85e-005 2.00e-005 9.41e-005 3.30e-005 
2.07e+000 5.66e-004 7.90e-002 0.00e+000 9.45e-002 3.99e-001 8.82e-004 2.98e-003 5.22e-004 2.11e+002 2.24e-005 3.84e-005 7.60e-005 7.66e-005 
1.95e+000 5.68e-005 9.49e-002 2.59e-002 9.36e-002 4.02e-001 7.04e-004 8.79e-003 5.60e-004 2.21e+002 3.30e-005 2.39e-005 9.56e-005 5.85e-005 
2.03e+000 2.38e-003 5.51e-002 4.76e-002 1.00e-001 4.70e-001 8.71e-004 8.86e-003 5.01e-004 2.31e+002 2.68e-005 3.34e-005 7.15e-005 6.24e-005 
2.03e+000 1.00e-004 6.03e-002 5.19e-002 9.64e-002 4.48e-001 9.32e-004 7.46e-003 5.36e-004 2.07e+002 2.88e-005 2.40e-005 6.69e-005 8.58e-005 
2.07e+000 5.62e-004 7.47e-002 4.00e-002 9.45e-002 3.99e-001 8.82e-004 2.98e-003 5.35e-004 2.09e+002 2.24e-005 3.91e-005 7.60e-005 7.66e-005 
2.25e+000 7.97e-004 7.88e-002 1.59e-002 1.00e-001 3.93e-001 9.15e-004 2.69e-003 5.00e-004 2.30e+002 2.78e-005 3.83e-005 7.39e-005 8.42e-005 
1.95e+000 1.70e-003 9.49e-002 2.06e-002 9.04e-002 4.67e-001 8.00e-004 7.60e-003 5.59e-004 2.21e+002 3.49e-005 4.30e-005 9.38e-005 7.11e-005 
2.00e+000 2.39e-003 2.25e-002 8.58e-003 1.00e-001 5.33e-001 9.24e-004 7.54e-003 5.00e-004 1.99e+002 2.21e-005 2.03e-005 9.35e-005 6.34e-005 
2.39e+000 1.21e-004 7.47e-002 1.86e-002 4.70e-002 3.35e-001 2.74e-004 1.28e-003 2.38e-003 2.35e+002 4.00e-005 3.03e-005 8.06e-005 5.45e-005 
2.29e+000 1.82e-003 1.86e-001 7.50e-002 2.18e-002 2.90e-001 1.00e-003 7.04e-003 5.00e-004 2.41e+002 3.01e-005 4.79e-005 9.74e-005 8.23e-005 
1.86e+000 1.21e-004 2.24e-001 1.86e-002 5.68e-002 3.35e-001 2.74e-004 3.54e-003 1.48e-003 2.68e+002 3.44e-005 4.63e-005 8.06e-005 5.45e-005 
2.05e+000 2.73e-004 2.28e-001 9.84e-002 5.34e-002 3.17e-001 8.46e-004 9.02e-003 5.34e-004 2.71e+002 4.92e-005 2.75e-005 9.97e-005 3.71e-005 
1.77e+000 1.54e-003 9.26e-002 5.58e-002 8.21e-002 5.61e-001 9.97e-004 5.95e-003 6.15e-004 1.86e+002 3.23e-005 4.87e-005 9.90e-005 5.32e-005 
1.90e+000 6.76e-004 7.30e-002 1.85e-002 4.64e-002 2.79e-001 3.05e-004 9.35e-004 2.38e-003 1.73e+002 2.87e-005 4.65e-005 8.34e-005 5.46e-005 
2.23e+000 2.26e-004 1.02e-001 7.31e-002 2.58e-002 2.79e-001 9.90e-004 7.84e-003 5.00e-004 3.00e+002 3.82e-005 5.00e-005 8.40e-005 8.14e-005 
1.94e+000 0.00e+000 1.42e-001 9.01e-002 3.63e-002 4.24e-001 6.20e-004 2.98e-003 1.04e-003 2.46e+002 3.56e-005 2.70e-005 8.74e-005 6.57e-005 
1.84e+000 2.63e-004 2.28e-001 9.35e-002 5.34e-002 3.17e-001 8.26e-004 8.38e-003 5.34e-004 2.71e+002 4.95e-005 2.55e-005 9.97e-005 3.58e-005 
2.10e+000 1.07e-003 1.01e-001 5.72e-002 4.50e-002 3.65e-001 9.70e-004 3.20e-003 9.31e-004 1.64e+002 3.73e-005 4.35e-005 7.01e-005 7.94e-005 
2.09e+000 1.39e-003 6.76e-002 3.93e-002 2.87e-002 4.80e-001 9.69e-004 4.71e-003 8.02e-004 1.99e+002 2.81e-005 4.55e-005 7.98e-005 8.64e-005 
2.10e+000 1.07e-003 1.01e-001 5.82e-002 4.50e-002 3.58e-001 9.70e-004 3.20e-003 9.31e-004 1.64e+002 3.73e-005 4.31e-005 6.75e-005 7.94e-005 
2.60e+000 3.75e-004 5.92e-002 1.00e-001 8.31e-002 3.37e-001 4.86e-004 8.14e-003 5.12e-004 2.87e+002 5.00e-005 3.84e-005 8.95e-005 9.11e-005 
1.84e+000 2.63e-004 2.28e-001 9.30e-002 5.70e-002 3.17e-001 9.13e-004 8.38e-003 5.31e-004 2.71e+002 4.95e-005 2.55e-005 9.90e-005 3.58e-005 
2.06e+000 4.47e-005 1.47e-001 5.73e-002 4.73e-002 2.43e-001 8.11e-004 5.91e-003 5.34e-004 2.56e+002 3.06e-005 3.84e-005 6.64e-005 8.71e-005 
2.19e+000 1.90e-004 1.02e-001 7.48e-002 2.58e-002 2.79e-001 9.90e-004 7.84e-003 5.00e-004 3.00e+002 3.84e-005 5.00e-005 8.58e-005 8.14e-005 
2.04e+000 4.27e-005 1.51e-001 5.73e-002 4.07e-002 3.74e-001 9.96e-004 5.16e-003 5.34e-004 2.58e+002 2.98e-005 3.84e-005 7.04e-005 8.73e-005 
1.87e+000 0.00e+000 1.35e-001 9.01e-002 4.56e-002 4.12e-001 6.20e-004 2.98e-003 1.04e-003 2.46e+002 3.74e-005 2.70e-005 8.52e-005 6.85e-005 
1.84e+000 3.47e-004 2.13e-001 9.35e-002 5.34e-002 3.17e-001 8.26e-004 8.19e-003 5.34e-004 2.67e+002 4.94e-005 2.55e-005 9.89e-005 3.58e-005 
2.09e+000 1.39e-003 6.72e-002 3.93e-002 2.96e-002 4.80e-001 9.48e-004 4.83e-003 8.00e-004 1.99e+002 2.81e-005 4.55e-005 7.98e-005 8.64e-005 
2.18e+000 2.26e-004 1.34e-001 7.23e-002 2.58e-002 2.79e-001 9.90e-004 7.84e-003 5.00e-004 3.15e+002 3.82e-005 5.00e-005 8.40e-005 8.18e-005 
1.84e+000 7.75e-004 2.28e-001 9.30e-002 5.70e-002 3.17e-001 9.13e-004 8.38e-003 5.31e-004 2.71e+002 4.95e-005 2.55e-005 9.90e-005 3.58e-005 
1.90e+000 6.76e-004 7.30e-002 1.85e-002 4.64e-002 2.79e-001 3.05e-004 9.35e-004 2.62e-003 1.70e+002 2.95e-005 4.34e-005 8.34e-005 5.46e-005 
1.94e+000 0.00e+000 1.39e-001 9.01e-002 3.83e-002 4.24e-001 6.20e-004 2.91e-003 1.04e-003 2.44e+002 3.49e-005 2.71e-005 8.74e-005 6.69e-005 
2.05e+000 2.73e-004 2.27e-001 9.70e-002 5.34e-002 3.17e-001 8.46e-004 9.02e-003 5.34e-004 2.71e+002 4.92e-005 2.75e-005 9.97e-005 3.69e-005 
1.95e+000 1.33e-004 7.30e-002 1.85e-002 4.64e-002 2.79e-001 3.05e-004 9.66e-004 2.38e-003 1.99e+002 2.87e-005 4.65e-005 8.34e-005 5.01e-005 
2.23e+000 2.44e-004 1.02e-001 7.25e-002 2.58e-002 2.79e-001 9.90e-004 7.84e-003 5.00e-004 2.98e+002 3.82e-005 5.00e-005 8.40e-005 8.14e-005 
2.38e+000 3.38e-004 6.22e-002 9.86e-002 8.38e-002 3.51e-001 4.82e-004 7.83e-003 5.20e-004 2.86e+002 5.00e-005 3.43e-005 8.90e-005 9.81e-005 
2.06e+000 5.31e-005 1.71e-001 5.72e-002 4.75e-002 2.43e-001 8.09e-004 5.93e-003 5.34e-004 2.56e+002 3.07e-005 3.84e-005 6.63e-005 8.71e-005 
2.29e+000 0.00e+000 6.68e-002 9.86e-002 8.38e-002 4.10e-001 6.46e-004 9.33e-003 5.34e-004 2.77e+002 5.00e-005 3.88e-005 6.80e-005 6.25e-005 
2.10e+000 1.08e-003 1.01e-001 5.81e-002 4.48e-002 3.58e-001 9.70e-004 3.20e-003 9.31e-004 1.64e+002 3.72e-005 4.31e-005 6.77e-005 7.94e-005 
2.19e+000 1.90e-004 1.02e-001 7.48e-002 2.58e-002 2.79e-001 9.90e-004 7.84e-003 5.00e-004 3.00e+002 3.84e-005 5.00e-005 8.58e-005 8.14e-005 
1.95e+000 1.33e-004 7.30e-002 1.85e-002 4.64e-002 2.79e-001 3.05e-004 9.35e-004 2.38e-003 1.73e+002 2.87e-005 4.65e-005 8.34e-005 4.93e-005 
2.23e+000 2.28e-004 1.02e-001 6.84e-002 2.59e-002 2.85e-001 9.51e-004 7.95e-003 5.13e-004 2.91e+002 3.81e-005 5.00e-005 8.06e-005 8.36e-005 
1.87e+000 0.00e+000 1.75e-001 7.81e-002 3.63e-002 4.22e-001 5.80e-004 3.25e-003 1.19e-003 2.48e+002 3.65e-005 2.61e-005 9.52e-005 6.93e-005 
1.84e+000 2.64e-004 2.28e-001 9.35e-002 5.34e-002 3.16e-001 8.26e-004 8.38e-003 5.34e-004 2.71e+002 4.95e-005 2.55e-005 9.97e-005 3.58e-005 
2.10e+000 1.07e-003 1.01e-001 5.72e-002 4.50e-002 3.65e-001 9.70e-004 3.20e-003 9.31e-004 1.64e+002 3.73e-005 4.35e-005 7.01e-005 7.94e-005 
2.10e+000 1.07e-003 1.01e-001 5.82e-002 4.50e-002 3.58e-001 9.70e-004 3.20e-003 9.31e-004 1.64e+002 3.73e-005 4.31e-005 6.75e-005 7.94e-005 
2.60e+000 3.75e-004 5.92e-002 1.00e-001 8.31e-002 3.37e-001 4.86e-004 8.14e-003 5.36e-004 2.87e+002 5.00e-005 3.84e-005 8.95e-005 9.11e-005 
1.84e+000 2.65e-004 2.28e-001 9.30e-002 5.70e-002 3.17e-001 9.13e-004 8.38e-003 5.31e-004 2.71e+002 4.95e-005 2.55e-005 9.90e-005 3.58e-005 
2.06e+000 4.47e-005 1.47e-001 5.73e-002 4.73e-002 2.43e-001 8.11e-004 5.91e-003 5.34e-004 2.56e+002 3.06e-005 3.84e-005 6.64e-005 8.71e-005 
2.19e+000 1.91e-004 1.02e-001 7.48e-002 2.58e-002 2.79e-001 9.90e-004 7.84e-003 5.00e-004 3.00e+002 3.84e-005 5.00e-005 8.58e-005 8.14e-005 
1.93e+000 1.28e-004 2.69e-001 7.05e-002 3.09e-002 3.03e-001 9.95e-004 8.11e-003 5.00e-004 3.14e+002 3.05e-005 3.09e-005 8.38e-005 7.41e-005 
2.04e+000 4.27e-005 1.51e-001 5.73e-002 4.07e-002 3.74e-001 9.96e-004 5.16e-003 5.34e-004 2.58e+002 2.98e-005 3.84e-005 7.04e-005 8.73e-005 
1.87e+000 2.56e-006 1.35e-001 9.01e-002 4.56e-002 4.12e-001 6.20e-004 2.98e-003 1.04e-003 2.46e+002 3.74e-005 2.70e-005 8.52e-005 6.85e-005 
2.39e+000 1.21e-004 7.47e-002 1.86e-002 4.70e-002 3.35e-001 2.74e-004 1.28e-003 2.38e-003 2.35e+002 4.00e-005 3.03e-005 8.06e-005 5.45e-005 
1.86e+000 1.21e-004 2.24e-001 1.86e-002 5.68e-002 3.35e-001 2.74e-004 3.54e-003 1.48e-003 2.68e+002 3.44e-005 4.63e-005 8.06e-005 5.45e-005 
2.05e+000 2.73e-004 2.29e-001 9.84e-002 5.34e-002 3.17e-001 8.46e-004 9.02e-003 5.34e-004 2.71e+002 4.92e-005 2.75e-005 9.97e-005 3.71e-005 
1.77e+000 1.54e-003 9.26e-002 5.58e-002 8.21e-002 5.61e-001 9.97e-004 5.95e-003 6.15e-004 1.86e+002 3.23e-005 4.86e-005 9.90e-005 5.32e-005 
1.95e+000 1.33e-004 7.31e-002 1.85e-002 4.64e-002 2.79e-001 3.05e-004 9.35e-004 2.40e-003 1.73e+002 2.87e-005 4.65e-005 8.34e-005 4.93e-005 
1.90e+000 6.76e-004 7.30e-002 1.85e-002 4.64e-002 2.79e-001 3.05e-004 9.37e-004 2.38e-003 1.73e+002 2.87e-005 4.65e-005 8.34e-005 5.46e-005 
2.23e+000 2.26e-004 1.02e-001 7.31e-002 2.58e-002 2.79e-001 9.90e-004 7.84e-003 5.00e-004 3.00e+002 3.82e-005 5.00e-005 8.40e-005 8.14e-005 
1.94e+000 3.12e-007 1.42e-001 9.01e-002 3.64e-002 4.24e-001 6.20e-004 2.98e-003 1.04e-003 2.46e+002 3.56e-005 2.70e-005 8.74e-005 6.57e-005 
1.84e+000 2.63e-004 2.28e-001 9.35e-002 5.34e-002 3.17e-001 8.26e-004 8.38e-003 5.34e-004 2.71e+002 4.95e-005 2.55e-005 9.97e-005 3.58e-005 
2.15e+000 4.14e-005 9.91e-002 6.23e-002 4.35e-002 3.75e-001 1.00e-003 3.14e-003 8.90e-004 1.81e+002 3.75e-005 4.29e-005 6.73e-005 7.76e-005 
2.09e+000 1.39e-003 6.76e-002 3.93e-002 2.87e-002 4.80e-001 9.69e-004 4.71e-003 8.02e-004 1.99e+002 2.81e-005 4.55e-005 7.98e-005 8.64e-005 
2.10e+000 1.07e-003 1.01e-001 5.82e-002 4.50e-002 3.58e-001 9.70e-004 3.20e-003 9.46e-004 1.64e+002 3.73e-005 4.31e-005 6.75e-005 7.94e-005 
2.60e+000 3.75e-004 5.92e-002 1.00e-001 8.31e-002 3.37e-001 4.87e-004 8.14e-003 5.14e-004 2.87e+002 5.00e-005 3.84e-005 8.95e-005 9.11e-005 
1.84e+000 2.63e-004 2.28e-001 9.30e-002 5.70e-002 3.16e-001 9.13e-004 8.38e-003 5.54e-004 2.71e+002 4.95e-005 2.55e-005 9.90e-005 3.58e-005 
2.06e+000 4.47e-005 1.47e-001 5.73e-002 4.73e-002 2.43e-001 8.11e-004 5.91e-003 5.37e-004 2.56e+002 3.06e-005 3.84e-005 6.64e-005 8.71e-005 
2.09e+000 3.39e-004 6.22e-002 9.34e-002 6.78e-002 3.51e-001 4.77e-004 7.86e-003 5.50e-004 2.89e+002 4.60e-005 3.37e-005 8.94e-005 9.76e-005 
2.04e+000 4.27e-005 1.51e-001 5.73e-002 4.07e-002 3.74e-001 9.96e-004 5.16e-003 5.34e-004 2.58e+002 2.98e-005 3.84e-005 7.04e-005 8.73e-005 
1.79e+000 1.89e-003 1.06e-001 6.24e-002 3.72e-002 4.71e-001 3.10e-004 4.52e-003 1.25e-003 3.39e+002 4.00e-005 3.36e-005 8.99e-005 1.00e-004 
