1.79 1.74 0.95 0.91 2.83 1.57 2.26 2.17 
1.79 1.41 1.21 0.90 2.80 1.50 2.69 2.16 
1.14 2.59 1.18 1.29 2.32 1.32 2.59 2.14 
0.90 2.07 2.14 1.01 1.92 1.59 1.90 2.16 
1.79 1.92 2.50 1.50 2.02 1.32 2.11 2.15 
2.03 2.29 2.18 1.54 2.02 1.32 1.96 2.17 
1.79 2.16 2.10 1.52 2.25 1.28 2.44 2.12 
1.14 2.44 1.61 1.78 2.72 1.37 2.33 2.12 
1.14 2.20 1.13 1.24 2.40 1.30 2.66 2.11 
1.35 2.64 1.43 0.90 2.17 1.41 2.32 2.10 
1.80 2.34 2.30 1.49 2.01 1.26 2.61 2.12 
2.68 2.34 0.85 1.08 2.87 1.42 2.84 2.04 
0.89 2.65 1.69 1.31 2.08 1.35 2.31 2.16 
1.35 2.49 1.29 0.87 2.17 1.35 2.54 2.07 
2.68 2.45 2.34 1.02 2.95 1.23 2.31 1.95 
2.68 2.95 1.62 1.32 2.16 1.57 1.74 2.07 
1.79 2.04 2.37 0.97 1.89 1.54 2.15 2.14 
1.79 2.41 2.28 1.47 2.97 1.25 2.44 2.04 
2.68 2.24 1.33 1.37 2.05 1.29 2.74 2.13 
0.89 2.27 1.74 1.29 2.22 1.51 2.20 2.15 
0.89 1.87 1.92 1.18 2.18 1.39 2.12 2.16 
0.89 2.04 1.87 1.77 2.17 1.19 2.69 2.13 
2.25 1.98 2.13 1.53 2.00 1.31 1.88 2.14 
1.79 2.26 2.07 1.43 2.08 1.42 2.39 2.11 
1.79 2.04 2.38 0.96 1.89 1.52 2.21 2.12 
1.14 2.48 1.60 1.82 2.71 1.34 2.44 2.13 
1.79 2.18 1.99 1.15 2.26 1.56 1.94 2.12 
2.68 2.46 2.34 1.02 2.95 1.23 2.32 1.94 
1.14 2.04 1.93 1.52 2.25 1.27 2.45 2.14 
1.79 2.28 2.12 1.39 2.93 1.18 2.65 1.98 
1.35 2.56 1.28 0.88 2.17 1.37 2.52 2.08 
0.90 2.08 2.14 1.01 1.92 1.59 1.92 2.15 
1.79 1.92 2.49 1.52 2.02 1.31 2.16 2.15 
1.14 2.18 1.16 1.22 2.41 1.31 2.65 2.12 
0.89 2.24 2.57 0.95 2.24 1.52 2.17 2.03 
1.79 2.05 2.26 1.01 1.92 1.60 1.86 2.14 
2.68 2.09 2.60 1.51 2.02 1.32 2.09 2.15 
2.03 2.28 2.18 1.54 2.02 1.32 1.91 2.16 
1.79 2.16 2.10 1.52 2.25 1.28 2.39 2.13 
1.14 2.44 1.61 1.78 2.72 1.37 2.38 2.11 
2.27 2.30 2.63 1.55 2.76 1.25 2.79 1.86 
1.14 2.20 1.13 1.24 2.40 1.30 2.71 2.11 
1.13 2.56 1.46 0.90 2.17 1.42 2.31 2.10 
1.80 2.32 2.31 1.49 2.01 1.26 2.53 2.11 
2.68 2.34 0.84 1.08 2.88 1.42 2.86 2.04 
0.89 2.64 1.68 1.31 2.08 1.35 2.30 2.16 
1.79 2.05 2.37 0.97 1.89 1.54 2.11 2.13 
1.79 2.40 2.28 1.47 2.97 1.25 2.45 2.02 
1.13 1.81 0.73 0.97 2.20 1.56 2.36 2.15 
1.79 1.75 0.95 0.91 2.83 1.57 2.25 2.17 
2.68 1.72 1.19 0.90 2.80 1.51 2.63 2.16 
2.84 2.75 2.51 1.81 2.99 1.78 1.76 2.02 
2.84 2.11 0.95 1.15 2.94 1.30 2.93 2.12 
0.90 2.08 2.15 1.01 1.92 1.59 1.89 2.16 
1.79 1.93 2.51 1.51 2.02 1.32 2.15 2.15 
1.79 2.16 2.10 1.51 2.25 1.28 2.34 2.13 
1.14 2.44 1.61 1.78 2.72 1.37 2.36 2.12 
1.35 2.63 1.43 0.90 2.17 1.41 2.36 2.10 
1.80 2.33 2.31 1.49 2.01 1.26 2.58 2.12 
2.68 2.35 0.84 1.08 2.87 1.42 2.83 2.04 
0.89 2.65 1.69 1.31 2.08 1.35 2.29 2.16 
0.90 2.41 1.33 0.87 2.17 1.36 2.48 2.06 
2.68 2.94 1.62 1.32 2.16 1.57 1.77 2.06 
1.79 2.05 2.37 0.97 1.89 1.54 2.16 2.14 
1.13 1.81 0.73 0.97 2.20 1.56 2.36 2.15 
2.68 2.00 1.36 1.55 2.85 1.62 1.56 2.03 
1.79 1.90 2.74 1.77 2.04 1.49 2.44 1.83 
2.84 1.62 2.56 1.60 2.51 1.49 1.93 2.12 
1.70 1.63 2.67 0.94 2.60 1.57 2.51 2.02 
1.35 1.88 1.79 1.76 1.93 1.48 2.21 2.23 
1.79 2.13 1.15 0.97 2.69 1.15 2.94 1.84 
2.68 2.20 1.36 1.29 2.13 1.09 2.74 1.84 
1.70 2.12 1.91 1.65 2.09 1.41 1.89 2.15 
2.27 1.54 2.51 1.64 2.51 1.28 2.28 2.00 
2.68 2.17 2.74 1.18 2.51 1.52 1.65 1.97 
2.27 1.90 1.20 1.04 2.06 1.63 1.82 2.14 
2.68 2.20 2.72 1.19 2.59 1.51 1.69 1.97 
1.80 2.24 1.47 1.86 1.97 1.51 1.96 1.93 
1.79 1.75 2.65 1.65 2.52 1.30 2.00 2.01 
1.14 1.78 2.24 0.94 2.34 1.04 2.92 1.83 
2.68 2.17 1.36 1.19 2.08 1.03 2.84 1.85 
1.70 2.50 2.10 1.16 2.11 1.43 1.88 2.10 
1.79 2.05 2.02 1.86 2.02 1.30 1.89 2.14 
2.27 1.52 2.36 1.59 2.56 1.24 2.53 1.98 
2.68 1.90 1.20 1.04 2.06 1.63 1.78 2.14 
2.68 2.75 2.03 1.18 2.11 1.21 2.19 1.89 
2.68 1.73 2.64 1.39 2.64 1.34 2.09 1.97 
2.68 2.18 1.51 0.97 2.69 1.33 2.45 1.84 
1.14 2.08 1.94 1.65 2.06 1.41 1.83 2.16 
1.70 1.61 2.65 0.96 2.60 1.56 2.50 2.03 
2.68 2.17 1.15 1.06 2.73 1.10 2.38 1.89 
2.68 2.19 1.36 1.30 2.13 1.09 2.82 1.85 
2.84 2.17 1.61 1.44 1.77 1.42 2.64 1.97 
1.14 1.69 2.52 0.94 2.34 1.17 2.61 1.87 
2.84 1.78 0.90 1.09 2.74 1.49 2.03 2.10 
2.68 2.19 2.72 1.19 2.59 1.51 1.68 1.96 
2.68 2.17 1.36 1.19 2.08 1.03 2.88 1.83 
2.27 2.07 1.14 1.04 2.74 1.03 2.97 1.89 
1.79 2.01 1.37 1.30 2.16 1.13 2.89 1.86 
1.79 2.27 2.70 1.92 1.85 1.44 2.99 2.18 
2.27 1.53 2.51 1.64 2.51 1.29 2.27 2.00 
2.68 2.17 2.73 1.18 2.51 1.52 1.70 1.97 
2.68 2.19 2.72 1.19 2.59 1.51 1.69 1.96 
1.79 2.47 1.61 1.86 1.97 1.51 2.05 1.92 
1.79 1.74 2.65 1.65 2.52 1.30 2.02 1.99 
1.14 1.78 2.25 0.94 2.34 1.04 2.88 1.83 
2.68 2.17 1.36 1.19 2.08 1.03 2.82 1.83 
0.89 2.90 2.92 1.39 2.08 1.53 2.95 2.04 
1.70 2.51 2.10 1.16 2.11 1.43 1.82 2.10 
1.79 2.04 2.02 1.86 2.02 1.30 1.94 2.12 
2.68 2.00 1.36 1.55 2.85 1.62 1.55 2.02 
2.84 1.61 2.56 1.60 2.51 1.49 1.88 2.11 
1.70 1.62 2.67 0.94 2.60 1.57 2.53 2.02 
1.35 1.88 1.79 1.76 1.93 1.48 2.17 2.22 
2.27 2.08 1.15 1.04 2.74 1.04 2.94 1.90 
1.79 2.13 1.15 0.97 2.69 1.15 2.93 1.85 
2.68 2.19 1.36 1.29 2.13 1.09 2.78 1.84 
1.70 2.13 1.91 1.65 2.09 1.41 1.86 2.16 
2.27 1.53 2.51 1.64 2.51 1.28 2.29 2.00 
1.79 2.09 2.22 0.97 2.45 1.50 1.54 2.07 
2.27 1.90 1.20 1.04 2.06 1.63 1.77 2.14 
2.68 2.20 2.83 1.19 2.59 1.54 1.57 1.96 
1.80 2.24 1.49 1.86 1.97 1.51 1.92 1.93 
2.68 1.90 2.74 1.65 2.52 1.32 2.25 2.00 
1.14 1.80 2.26 0.94 2.34 1.04 2.91 1.83 
2.93 2.16 1.09 0.91 1.64 1.13 2.46 1.97 
1.70 2.50 2.10 1.16 2.11 1.42 1.83 2.10 
2.68 2.24 1.87 1.47 1.53 1.40 2.98 2.11 
